   3  0.57
   3  0.57
   3  0.57
   3  0.57
   3  0.57
   3  0.57
   3  0.57
   3  0.57
   3  0.57
   3  0.57
   3  0.57
   4  0.51
   5  0.59
   7  0.84
   8  0.63
  10  0.59
  13  1.50
  14  0.75
  15  0.51
  15  0.51
  16  0.84
  17  0.79
  18  0.64
   3  0.57
   3  0.57
   4  0.51
   5  0.59
   3  0.57
   3  0.57
   3  0.57
   3  0.57
   4  0.51
   5  0.59
   7  0.84
   8  0.63
  10  0.59
  13  1.50
  14  0.75
  15  0.51
  16  0.84
  18  0.64
  19  0.60
  20  0.45
  21  0.60
  23  0.63
  24  0.60
  25  0.61
  26  0.71
  27  0.96
  28  0.57
  29  0.65
  30  0.81
  32  0.73
  33  0.74
  35  0.75
  36  0.55
  39  0.68
  40  1.04
  42  1.39
  43  0.52
  45  0.65
  47  0.80
  48  0.61
  49  0.49
  50  0.81
  52  0.52
  54  0.58
  55  0.88
  56  0.69
  57  0.58
  58  0.72
  59  0.45
  60  0.59
  61  0.59
  63  0.67
  64  0.68
  65  0.58
  67  0.63
  67  0.63
  69  0.81
  70  0.55
  70  0.55
  70  0.55
  70  0.55
  72  0.70
  75  1.30
  77  0.61
  77  0.61
  78  0.73
  79  0.62
  80  1.00
  82  0.69
  84  0.85
  87  0.51
  88  0.63
  89  0.68
  90  0.69
  91  0.70
  92  0.76
  93  0.74
  95  0.64
  96  0.47
  97  0.63
  98  0.77
  99  0.56
 100  0.72
 101  0.61
 102  0.39
 105  0.67
 107  0.87
 108  0.61
 109  0.90
 110  0.79
 110  0.79
 111  0.81
 112  0.66
 112  0.66
 113  0.89
 115  1.14
 116  0.70
 117  0.50
 118  0.75
 119  0.62
 120  1.04
 122  1.06
 127  0.60
 128  0.87
 129  0.89
 130  0.77
 131  0.62
 132  0.54
 133  0.96
 133  0.96
 133  0.96
 133  0.96
 135  0.78
 136  0.50
 138  0.74
 139  0.81
 141  0.64
   8  0.63
  17  0.79
  17  0.79
  17  0.79
  79  0.62
  97  0.63
  79  0.62
  79  0.62
   8  0.63
   7  0.84
   8  0.63
  29  0.65
  35  0.75
  55  0.88
  56  0.69
  57  0.58
  58  0.72
  59  0.45
  60  0.59
  65  0.58
