id RA Dec x y area B dB V dV R dR I dI i di Z dZ zb zbmin zbmax tb odds zml tml chisq chisq2 nfdet nfobs slit_num dist
20973 42.12779235 -3.65395493 2554.405 1592.645 1512 20.007 0.002 18.968 0.001 18.596 0.001 17.998 0.102 18.3 0.001 17.253 0.001 3.197 3.1 3.59 5.17 0.972 3.2 5.17 3.397 0.175 6 6 73 0.0
21046 42.14558516 -3.64292353 2234.752 1791.163 208 23.073 0.009 22.816 0.009 22.192 0.004 21.803 0.055 21.85 0.011 21.75 0.007 0.641 0.58 0.68 8.17 0.953 0.65 8.17 0.026 0.014 6 6 69 0.0
22124 42.14328834 -3.63877843 2276.0 1865.782 532 21.16 0.003 19.886 0.001 19.184 0.001 18.158 0.035 18.456 0.001 17.139 0.001 1.182 1.14 1.33 5.17 0.973 1.18 5.17 14.494 0.932 6 6 68 0.0
22207 42.11889821 -3.63560048 2714.133 1923.049 127 23.541 0.011 23.151 0.01 22.496 0.005 22.052 0.062 22.096 0.01 21.911 0.006 0.638 0.56 0.69 7.5 0.907 0.66 7.5 0.154 0.01 6 6 70 0.0
22603 42.137923 -3.63312185 2372.367 1967.616 83 24.334 0.019 23.982 0.018 23.367 0.009 23.058 0.072 23.044 0.022 22.912 0.013 0.596 0.52 0.67 8.0 0.851 0.58 8.0 0.294 0.083 6 6 67 0.0
22630 42.15305827 -3.63324481 2100.478 1965.359 130 23.388 0.01 23.091 0.01 22.822 0.006 22.287 0.067 22.303 0.013 22.105 0.008 0.802 0.75 0.85 8.5 0.991 0.8 8.5 1.093 0.099 6 6 65 0.0
22801 42.09832638 -3.63264502 3083.677 1976.292 241 22.582 0.007 22.257 0.007 21.644 0.003 21.206 0.039 21.243 0.006 21.094 0.004 0.658 0.59 0.7 7.83 0.97 0.67 7.83 0.059 0.016 6 6 72 0.0
23016 42.10283749 -3.63125419 3002.637 2001.318 225 22.666 0.007 22.222 0.006 21.638 0.003 21.132 0.047 21.192 0.006 20.964 0.004 0.681 0.6 0.73 7.33 0.941 0.69 7.33 0.585 0.035 6 6 71 0.0
27217 42.09911146 -3.60560842 3069.522 2462.951 80 24.025 0.017 23.95 0.02 23.642 0.012 23.304 0.071 23.371 0.029 23.123 0.015 0.77 0.72 1.7 9.5 0.843 0.77 9.5 0.186 0.1 6 6 64 0.0
27460 42.11288347 -3.60444366 2822.113 2483.888 116 24.107 0.018 23.598 0.015 22.954 0.007 22.488 0.075 22.462 0.016 22.294 0.009 0.642 0.54 0.69 7.0 0.848 0.66 7.0 1.244 0.207 6 6 62 0.0
28328 42.16342574 -3.5991566 1914.129 2578.918 163 23.281 0.01 22.714 0.008 22.093 0.004 21.805 0.054 21.828 0.009 21.633 0.006 0.508 0.46 0.55 7.5 0.976 0.51 7.5 0.749 0.072 6 6 55 0.0
28453 42.0962269 -3.5994258 3121.33 2574.244 186 22.821 0.008 22.419 0.007 21.959 0.004 21.747 0.051 21.759 0.009 21.679 0.006 0.505 0.45 0.54 8.67 0.989 0.51 8.67 0.322 0.092 6 6 63 0.0
28511 42.1083708 -3.59795356 2903.167 2600.72 149 23.9 0.019 23.431 0.017 22.939 0.009 22.766 0.06 22.87 0.028 22.635 0.014 0.47 0.39 2.68 8.5 0.855 0.47 8.5 1.243 0.274 6 6 61 0.0
28865 42.11985514 -3.59563424 2696.85 2642.442 138 22.773 0.006 22.53 0.006 22.152 0.004 21.736 0.054 21.755 0.008 21.453 0.005 0.772 0.72 0.82 8.5 0.992 0.77 8.5 0.673 0.185 6 6 59 0.0
28867 42.11074222 -3.59539 2860.56 2646.859 121 23.257 0.009 23.033 0.009 22.447 0.004 22.098 0.063 22.105 0.011 22.054 0.007 0.639 0.57 0.68 8.5 0.941 0.65 8.5 0.155 0.045 6 6 60 0.0
29891 42.11240549 -3.58902432 2830.666 2761.438 127 23.709 0.013 23.447 0.013 22.944 0.007 22.555 0.064 22.549 0.016 22.37 0.009 0.71 0.66 0.75 8.33 0.995 0.7 8.33 0.455 0.211 6 6 58 0.0
30023 42.18538171 -3.58794748 1519.657 2780.608 102 23.868 0.013 23.566 0.013 22.978 0.007 22.584 0.073 22.602 0.017 22.402 0.01 0.682 0.61 0.73 7.83 0.95 0.68 7.83 0.321 0.135 6 6 49 0.0
31300 42.11566474 -3.58084944 2772.096 2908.579 177 23.189 0.009 22.817 0.009 22.3 0.004 21.632 0.048 21.656 0.008 21.409 0.005 0.785 0.74 0.83 7.17 0.987 0.78 7.17 0.793 0.118 6 6 56 0.0
31335 42.16486021 -3.5812126 1888.302 2901.907 249 22.953 0.009 22.557 0.008 22.154 0.005 21.338 0.047 21.442 0.008 21.074 0.004 0.869 0.81 0.92 7.0 0.979 0.87 7.0 0.718 0.039 6 6 50 0.0
31411 42.13304789 -3.58023542 2459.807 2919.589 174 23.259 0.01 22.748 0.008 22.186 0.004 21.942 0.054 21.941 0.01 21.822 0.007 0.514 0.46 0.55 8.0 0.986 0.52 8.0 0.831 0.119 6 6 54 0.0
33506 42.12093023 -3.56855079 2677.473 3129.943 110 23.951 0.014 23.622 0.013 22.906 0.006 22.509 0.058 22.532 0.014 22.382 0.009 0.628 0.57 0.67 7.5 0.979 0.63 7.5 0.314 0.072 6 6 52 0.0
33581 41.93726063 -3.56813553 5977.12 3137.522 106 24.275 0.021 24.052 0.023 23.809 0.015 23.233 0.07 23.197 0.032 23.062 0.017 0.834 0.77 0.88 8.67 0.984 0.84 8.67 1.203 0.388 6 6 142 0.0
33976 42.07612096 -3.56617675 3482.475 3172.762 160 23.041 0.01 22.623 0.008 22.12 0.005 21.569 0.052 21.62 0.009 21.333 0.006 0.747 0.69 0.79 7.5 0.984 0.75 7.5 0.366 0.01 6 6 57 0.0
34051 42.12554366 -3.56779329 2594.59 3143.567 254 22.944 0.008 22.572 0.008 22.122 0.004 21.479 0.056 21.526 0.008 21.277 0.005 0.789 0.74 0.84 7.5 0.991 0.78 7.5 0.296 0.058 6 6 51 0.0
35885 42.1597735 -3.5557321 1979.606 3360.574 113 23.881 0.014 23.478 0.013 22.846 0.006 22.609 0.068 22.594 0.015 22.501 0.01 0.552 0.5 0.59 8.0 0.982 0.55 8.0 0.556 0.134 6 6 43 0.0
36142 41.93435799 -3.55505678 6029.283 3372.936 182 23.891 0.016 23.548 0.016 22.939 0.008 22.427 0.053 22.52 0.017 22.37 0.01 0.664 0.6 0.7 7.67 0.97 0.67 7.67 0.268 0.1 6 6 140 0.0
36213 42.12372893 -3.55440007 2627.16 3384.65 142 23.483 0.011 23.066 0.01 22.64 0.006 22.168 0.059 22.185 0.012 21.957 0.007 0.748 0.69 0.78 7.83 0.979 0.74 7.83 1.567 0.169 6 6 48 0.0
36260 42.08948855 -3.55710251 3242.308 3336.077 797 20.482 0.002 19.186 0.001 18.765 0.001 18.012 0.059 18.275 0.001 -99.0 0.0 0.228 0.18 0.26 5.17 0.965 3.72 2.17 2.325 1.881 5 5 53 0.0
36330 42.05026464 -3.58871339 3947.01 2767.134 4443 18.585 0.001 18.163 0.001 18.391 0.001 17.677 0.121 18.254 0.003 16.927 0.001 3.208 3.15 3.26 1.0 1.0 3.2 1.0 51.242 1.499 6 6 66 0.0
36811 42.14511938 -3.55208775 2242.864 3426.216 146 23.669 0.013 23.296 0.012 22.871 0.007 22.188 0.06 22.256 0.013 21.982 0.007 0.809 0.75 0.86 7.5 0.988 0.81 7.5 0.249 0.041 6 6 44 0.0
37229 41.9325981 -3.54976166 6060.907 3468.246 193 23.102 0.009 22.779 0.008 22.331 0.004 21.759 0.042 21.822 0.01 21.577 0.006 0.769 0.71 0.82 7.83 0.989 0.76 7.83 0.09 0.022 6 6 139 0.0
37557 42.12421742 -3.54859374 2618.37 3489.163 178 23.334 0.011 22.908 0.01 22.553 0.006 21.766 0.049 21.855 0.011 21.495 0.005 0.874 0.82 0.92 7.17 0.983 0.88 7.17 0.171 0.018 6 6 46 0.0
37618 41.97652031 -3.54867037 5271.824 3487.928 197 23.174 0.012 22.774 0.011 22.354 0.008 21.74 0.043 21.811 0.01 21.542 0.007 0.782 0.73 0.83 7.67 0.988 0.78 7.67 0.501 0.023 6 6 133 0.0
38069 41.94735755 -3.54520556 5795.751 3550.273 160 23.437 0.011 22.898 0.009 22.292 0.004 22.027 0.053 22.028 0.011 21.856 0.007 0.512 0.46 0.55 7.67 0.982 0.52 7.67 0.669 0.087 6 6 136 0.0
38463 42.1202966 -3.54351499 2688.798 3580.59 185 23.268 0.01 22.897 0.009 22.22 0.004 21.845 0.052 21.892 0.01 21.722 0.007 0.601 0.54 0.67 7.67 0.887 0.59 7.67 0.06 0.012 6 6 45 0.0
38694 42.10454068 -3.54231517 2971.861 3602.221 215 23.013 0.009 22.72 0.008 22.308 0.005 21.778 0.053 21.796 0.01 21.573 0.007 0.777 0.73 0.82 8.0 0.991 0.78 8.0 0.145 0.036 6 6 47 0.0
39007 42.14458047 -3.54109798 2252.515 3624.034 163 23.565 0.012 23.156 0.011 22.759 0.006 21.959 0.054 22.036 0.012 21.697 0.007 0.861 0.81 0.9 7.0 0.989 0.86 7.0 0.713 0.053 6 6 41 0.0
39192 41.8923003 -3.53984693 6784.898 3646.643 190 23.096 0.009 22.664 0.007 21.924 0.003 21.456 0.045 21.534 0.008 21.279 0.005 0.623 0.56 0.68 7.0 0.941 0.61 7.0 0.028 0.006 6 6 141 0.0
39342 41.92195646 -3.53876356 6252.106 3666.197 173 23.767 0.015 23.321 0.013 22.66 0.006 22.347 0.057 22.395 0.015 22.16 0.009 0.546 0.49 0.59 7.5 0.972 0.54 7.5 0.072 0.028 6 6 137 0.0
40675 41.92730046 -3.53247811 6156.106 3779.343 234 23.194 0.01 22.823 0.009 22.158 0.004 21.79 0.041 21.81 0.011 21.639 0.007 0.607 0.54 0.67 7.67 0.907 0.59 7.67 0.17 0.03 6 6 135 0.0
41263 41.9749188 -3.52991122 5300.605 3825.592 290 22.709 0.009 22.133 0.007 21.583 0.005 21.329 0.041 21.369 0.009 21.133 0.006 0.475 0.42 0.52 7.67 0.948 0.47 7.67 0.27 0.041 6 6 128 0.0
41764 42.12341993 -3.52747517 2632.647 3869.3 294 22.992 0.01 22.786 0.01 22.16 0.005 21.924 0.046 21.897 0.014 21.872 0.009 0.604 0.55 0.66 8.67 0.971 0.6 8.67 0.312 0.114 6 6 40 0.0
41831 42.10534271 -3.52562628 2957.418 3902.62 85 24.306 0.018 23.937 0.017 23.332 0.008 23.016 0.068 23.023 0.02 22.913 0.013 0.577 0.52 0.66 8.0 0.909 0.57 8.0 0.173 0.043 6 6 42 0.0
42219 41.91821554 -3.52495731 6319.336 3914.704 286 22.961 0.009 22.536 0.008 21.982 0.004 21.323 0.041 21.422 0.008 21.128 0.005 0.754 0.7 0.8 7.0 0.971 0.76 7.0 0.264 0.061 6 6 134 0.0
42222 42.14312885 -3.52360837 2278.546 3938.852 162 23.44 0.011 22.889 0.009 22.238 0.004 21.894 0.054 21.915 0.01 21.731 0.006 0.529 0.48 0.57 7.17 0.972 0.53 7.17 0.618 0.125 6 6 36 0.0
42277 41.93899258 -3.52362473 5946.058 3938.719 172 23.097 0.009 22.61 0.007 22.006 0.004 21.71 0.057 21.729 0.01 21.538 0.006 0.524 0.47 0.57 7.67 0.985 0.53 7.67 0.098 0.018 6 6 131 0.0
42757 41.87535311 -3.52026675 7089.414 3999.049 155 23.63 0.012 23.386 0.013 22.803 0.006 22.519 0.051 22.534 0.016 22.462 0.012 0.599 0.53 0.67 8.5 0.862 0.58 8.5 0.185 0.057 6 6 138 0.0
42950 42.16135018 -3.52079002 1951.171 3989.529 245 23.324 0.012 22.936 0.011 22.271 0.005 21.762 0.043 21.807 0.011 21.605 0.007 0.662 0.6 0.7 7.17 0.963 0.67 7.17 0.204 0.026 6 6 33 0.0
42951 41.96299774 -3.52019843 5514.784 4000.415 152 23.456 0.012 23.15 0.011 22.463 0.006 22.099 0.047 22.12 0.012 21.96 0.007 0.627 0.57 0.68 7.83 0.968 0.63 7.83 0.114 0.027 6 6 127 0.0
43106 42.19808072 -3.51854219 1291.254 4029.863 121 23.794 0.015 23.401 0.013 22.906 0.007 22.646 0.065 22.602 0.022 22.541 0.012 0.531 0.48 0.58 8.33 0.967 0.53 8.33 0.682 0.176 6 6 28 0.0
43125 41.92010084 -3.51962642 6285.473 4010.663 190 23.175 0.009 22.777 0.008 22.081 0.004 21.714 0.045 21.79 0.009 21.573 0.006 0.581 0.52 0.64 7.5 0.939 0.58 7.5 0.098 0.02 6 6 132 0.0
43366 41.94711444 -3.52131361 5800.143 3980.328 382 22.907 0.011 22.392 0.01 21.942 0.005 21.614 0.055 21.744 0.015 21.477 0.008 0.484 0.42 0.51 8.17 0.942 0.46 8.0 0.561 0.211 6 6 129 0.0
43500 42.20814722 -3.51720063 1110.391 4053.972 213 22.976 0.009 22.565 0.009 21.903 0.004 21.395 0.053 21.434 0.009 21.234 0.005 0.66 0.6 0.7 7.17 0.953 0.67 7.17 0.131 0.025 6 6 26 0.0
43798 42.11826407 -3.51481147 2725.248 4097.259 101 24.505 0.023 23.811 0.017 23.366 0.009 23.192 0.073 23.154 0.025 22.971 0.016 0.406 0.31 0.45 7.67 0.91 0.4 7.67 0.37 0.144 6 6 37 0.0
43869 42.11604285 -3.51703091 2765.16 4057.314 465 22.697 0.009 22.276 0.008 21.942 0.005 21.254 0.036 21.407 0.009 21.117 0.005 0.809 0.75 0.86 7.83 0.984 0.81 7.83 1.882 0.209 6 6 38 0.0
44143 41.97936083 -3.51550416 5220.806 4084.921 642 19.744 0.002 19.241 0.001 19.183 0.001 18.918 0.045 19.144 0.002 18.714 0.001 2.283 2.17 2.38 7.17 0.965 2.3 7.17 3.162 0.511 6 6 123 0.0
44648 41.98189408 -3.51048044 5175.295 4175.349 147 23.158 0.01 22.834 0.01 22.296 0.006 21.784 0.056 21.836 0.009 21.575 0.006 0.733 0.68 0.78 7.67 0.988 0.74 7.67 0.072 0.034 6 6 121 0.0
44784 41.96018693 -3.51014293 5565.291 4181.412 245 23.154 0.011 22.719 0.009 22.067 0.005 21.702 0.043 21.725 0.011 21.502 0.006 0.572 0.51 0.65 7.33 0.914 0.56 7.33 0.199 0.032 6 6 124 0.0
44887 41.94527059 -3.50870324 5833.283 4207.313 140 23.713 0.013 23.388 0.012 22.855 0.006 22.329 0.056 22.412 0.015 22.199 0.009 0.715 0.67 0.76 7.83 0.991 0.71 7.83 0.151 0.028 6 6 126 0.0
45333 42.09005737 -3.50783007 3232.003 4222.981 181 23.287 0.011 22.922 0.011 22.295 0.006 22.011 0.051 22.058 0.012 21.967 0.008 0.559 0.51 0.6 8.17 0.977 0.55 8.17 0.397 0.095 6 6 39 0.0
45844 42.13411549 -3.50445853 2440.431 4283.574 176 23.634 0.018 23.343 0.018 23.147 0.013 22.605 0.057 22.671 0.028 22.517 0.016 0.79 0.74 1.72 8.83 0.951 0.78 9.0 2.267 0.377 6 6 32 0.0
45948 41.96349595 -3.50491229 5505.844 4275.566 372 22.16 0.006 21.797 0.005 21.12 0.003 20.601 0.053 20.687 0.005 20.387 0.003 0.69 0.61 0.74 7.17 0.949 0.69 7.17 0.35 0.049 6 6 122 0.0
46286 42.10601346 -3.50260835 2945.32 4316.942 219 22.853 0.008 22.471 0.007 21.875 0.004 21.314 0.052 21.412 0.007 21.14 0.004 0.712 0.66 0.75 7.33 0.983 0.71 7.33 0.044 0.01 6 6 35 0.0
46619 42.19777645 -3.5000877 1296.65 4362.047 91 24.604 0.027 24.297 0.025 23.699 0.015 23.27 0.068 23.27 0.038 23.046 0.016 0.7 0.63 0.75 7.67 0.968 0.69 7.67 0.323 0.182 6 6 22 0.0
46740 42.10753539 -3.49957863 2917.97 4371.474 79 24.017 0.016 23.778 0.016 23.378 0.01 23.117 0.092 23.135 0.025 23.119 0.016 0.543 0.49 0.59 9.17 0.952 0.54 9.17 0.328 0.051 6 6 34 0.0
47493 42.1408265 -3.49675608 2319.837 4422.201 288 22.487 0.007 21.977 0.005 21.289 0.002 20.892 0.04 20.949 0.005 20.659 0.003 0.558 0.5 0.61 7.0 0.934 0.55 7.0 0.115 0.024 6 6 29 0.0
47540 42.01095527 -3.49554738 4653.172 4444.146 178 23.2 0.012 23.058 0.012 22.899 0.009 22.406 0.051 22.495 0.018 22.067 0.008 1.08 0.99 1.65 8.5 0.845 1.09 8.5 0.27 0.064 6 6 114 0.0
47610 42.19481596 -3.49558712 1349.823 4443.069 110 23.302 0.011 23.134 0.01 22.953 0.007 22.446 0.058 22.403 0.018 22.209 0.008 0.865 0.8 0.92 9.0 0.964 0.86 9.0 0.628 0.15 6 6 21 0.0
47770 41.88521154 -3.49520028 6912.352 4450.269 170 23.041 0.009 22.888 0.009 22.544 0.006 22.232 0.061 22.283 0.014 22.129 0.009 0.717 0.68 0.76 9.33 0.994 0.7 9.33 0.892 0.245 6 6 130 0.0
47845 41.96389719 -3.49375053 5498.643 4476.478 91 24.293 0.022 24.008 0.021 23.668 0.015 23.152 0.067 23.298 0.028 22.564 0.01 1.2 1.12 1.45 7.0 0.825 1.21 7.0 0.161 0.025 6 6 119 0.0
48031 41.95785968 -3.4941555 5607.116 4469.184 469 21.976 0.005 21.562 0.005 20.878 0.002 20.382 0.035 20.45 0.005 20.207 0.003 0.65 0.58 0.7 7.17 0.906 0.66 7.17 0.046 0.012 6 6 120 0.0
48382 42.1225154 -3.49135426 2648.812 4519.48 224 23.081 0.009 22.882 0.01 22.261 0.005 21.952 0.049 22.0 0.012 21.946 0.008 0.615 0.56 0.66 8.67 0.972 0.61 8.67 0.049 0.009 6 6 30 0.0
48853 42.19525731 -3.48885668 1341.868 4564.216 81 24.151 0.017 23.549 0.013 23.09 0.007 22.829 0.063 22.799 0.024 22.596 0.011 0.453 0.4 0.5 7.67 0.962 0.45 7.67 0.36 0.097 6 6 20 0.0
49207 42.01802994 -3.48758672 4526.062 4587.436 275 22.536 0.007 22.149 0.006 21.788 0.004 21.051 0.04 21.131 0.006 20.814 0.004 0.851 0.79 0.89 7.5 0.988 0.85 7.33 0.298 0.032 6 6 111 0.0
49223 41.9042606 -3.48687771 6570.121 4600.114 110 23.349 0.01 23.268 0.011 23.181 0.009 23.077 0.062 23.085 0.024 22.772 0.013 1.547 1.45 1.64 8.83 0.905 1.52 9.0 0.224 0.087 6 6 125 0.0
49271 41.97664378 -3.48656422 5269.634 4605.839 169 23.088 0.01 22.897 0.01 22.569 0.008 22.073 0.062 22.154 0.013 21.899 0.007 0.788 0.73 0.84 8.67 0.983 0.78 8.83 0.221 0.037 6 6 116 0.0
49825 41.96384665 -3.48386298 5499.558 4654.454 126 23.332 0.011 23.116 0.011 22.512 0.007 22.224 0.062 22.3 0.013 22.233 0.008 0.594 0.53 0.65 8.67 0.955 0.59 8.67 0.205 0.049 6 6 117 0.0
50836 42.13704218 -3.47853581 2387.78 4750.177 112 23.445 0.01 23.178 0.01 22.833 0.006 22.263 0.059 22.294 0.012 22.018 0.007 0.823 0.76 0.87 8.17 0.984 0.82 8.17 0.118 0.034 6 6 24 0.0
51069 42.1184364 -3.47824504 2722.068 4755.456 328 22.796 0.008 22.46 0.008 21.795 0.004 21.363 0.045 21.408 0.009 21.194 0.005 0.649 0.58 0.7 7.5 0.95 0.66 7.5 0.174 0.042 6 6 27 0.0
52281 42.13040636 -3.47205777 2506.989 4866.799 271 22.198 0.005 21.841 0.005 21.335 0.002 21.073 0.039 21.112 0.006 21.029 0.004 0.528 0.48 0.57 8.67 0.98 0.53 8.67 0.128 0.017 6 6 23 0.0
52955 42.11258538 -3.47005973 2827.175 4902.805 458 23.471 0.018 22.793 0.013 22.167 0.006 21.779 0.038 21.874 0.017 21.635 0.008 0.484 0.41 0.53 7.0 0.895 0.48 7.0 1.471 0.277 6 6 25 0.0
53260 42.17267621 -3.46622915 1747.503 4971.593 200 23.59 0.013 23.239 0.013 22.539 0.006 22.192 0.049 22.191 0.014 22.058 0.008 0.611 0.55 0.67 7.67 0.928 0.6 7.67 0.317 0.084 6 6 17 0.0
53612 42.21561557 -3.46425106 975.991 5007.041 106 23.797 0.014 23.299 0.012 22.748 0.007 22.24 0.063 22.283 0.015 22.017 0.007 0.705 0.64 0.75 7.17 0.967 0.7 7.17 1.247 0.169 6 6 11 0.0
53741 41.91110735 -3.46490076 6447.145 4995.712 299 22.035 0.004 21.789 0.005 21.22 0.003 20.93 0.048 20.907 0.005 20.921 0.004 0.599 0.54 0.66 8.67 0.897 0.59 8.67 0.683 0.188 6 6 118 0.0
54129 42.17747711 -3.46124102 1661.227 5061.364 91 23.352 0.009 23.206 0.01 23.052 0.007 22.91 0.065 22.908 0.022 22.427 0.009 1.447 1.23 1.55 8.33 0.871 1.44 8.33 0.644 0.099 6 6 15 0.0
54268 42.216148 -3.46123602 966.412 5061.31 137 23.474 0.012 23.169 0.011 22.554 0.007 22.165 0.058 22.209 0.015 22.101 0.008 0.635 0.56 0.68 8.0 0.924 0.65 8.0 0.215 0.034 6 6 10 0.0
54785 42.17937965 -3.45909412 1627.036 5100.002 164 23.621 0.013 23.239 0.012 22.627 0.006 22.296 0.055 22.341 0.018 22.214 0.01 0.566 0.51 0.63 8.0 0.956 0.57 8.0 0.104 0.026 6 6 14 0.0
55122 41.96164759 -3.45812576 5539.087 5117.723 325 22.804 0.009 22.371 0.008 21.779 0.005 21.577 0.044 21.603 0.011 21.48 0.006 0.521 0.47 0.56 8.17 0.989 0.52 8.17 0.644 0.127 6 6 110 0.0
55390 41.97964952 -3.4582016 5215.642 5116.368 493 22.046 0.005 21.417 0.004 20.893 0.002 20.638 0.035 20.678 0.006 20.423 0.003 0.442 0.39 0.49 7.5 0.962 0.45 7.5 0.349 0.056 6 6 109 0.0
55573 42.13237621 -3.45465612 2471.552 5180.025 116 23.666 0.012 23.441 0.013 22.846 0.006 22.567 0.075 22.545 0.015 22.499 0.01 0.618 0.55 0.67 8.5 0.943 0.63 8.5 0.336 0.124 6 6 19 0.0
56250 41.92858433 -3.45094243 6133.153 5246.989 140 23.499 0.011 23.159 0.011 22.731 0.007 22.093 0.056 22.16 0.012 21.854 0.006 0.808 0.75 0.86 7.5 0.984 0.81 7.5 0.136 0.022 6 6 112 0.0
56375 42.21352987 -3.45204441 1013.415 5226.771 378 21.7 0.004 21.13 0.003 20.609 0.002 20.358 0.053 20.37 0.005 20.182 0.003 0.473 0.41 0.52 7.83 0.951 0.47 7.83 0.529 0.087 6 6 8 0.0
56643 42.12858133 -3.44939511 2539.723 5274.733 135 23.515 0.011 23.098 0.01 22.693 0.006 21.964 0.064 22.056 0.011 21.718 0.006 0.838 0.78 0.88 7.17 0.978 0.84 7.17 0.172 0.026 6 6 18 0.0
56856 41.90744818 -3.45088511 6512.915 5247.988 750 21.931 0.006 21.342 0.004 20.737 0.002 20.439 0.053 20.49 0.005 20.27 0.003 0.494 0.44 0.53 7.33 0.98 0.5 7.5 0.753 0.165 6 6 115 0.0
56952 42.17061583 -3.44793081 1784.462 5300.972 124 23.737 0.013 23.235 0.01 22.628 0.005 22.319 0.063 22.369 0.013 22.134 0.008 0.515 0.46 0.56 7.5 0.986 0.51 7.5 0.043 0.006 6 6 12 0.0
57302 42.13973255 -3.44669156 2339.356 5323.369 175 23.476 0.012 23.238 0.012 22.741 0.007 22.299 0.053 22.33 0.015 22.152 0.009 0.718 0.67 0.76 8.33 0.992 0.71 8.33 0.326 0.089 6 6 16 0.0
57441 41.97277726 -3.44572556 5339.124 5340.934 191 22.732 0.007 22.427 0.007 21.991 0.004 21.464 0.043 21.517 0.008 21.295 0.005 0.757 0.7 0.8 8.0 0.985 0.76 8.0 0.173 0.03 6 6 106 0.0
57511 41.96683134 -3.44604126 5445.957 5335.248 354 22.085 0.005 21.721 0.005 21.108 0.003 20.844 0.053 20.88 0.006 20.749 0.004 0.552 0.5 0.6 8.17 0.978 0.55 8.17 0.071 0.012 6 6 107 0.0
58193 41.90072673 -3.44163503 6633.7 5414.478 161 23.352 0.011 22.988 0.01 22.571 0.006 21.844 0.054 21.946 0.01 21.628 0.006 0.831 0.77 0.88 7.33 0.985 0.83 7.33 0.123 0.022 6 6 113 0.0
58639 42.02095193 -3.43945024 4473.544 5453.893 192 22.908 0.008 22.598 0.007 22.13 0.004 21.602 0.041 21.641 0.008 21.41 0.005 0.756 0.7 0.8 7.83 0.985 0.76 7.83 0.162 0.035 6 6 100 0.0
58912 42.13970859 -3.43760627 2339.762 5486.905 120 23.529 0.01 23.088 0.009 22.722 0.005 22.139 0.062 22.206 0.011 21.954 0.007 0.778 0.72 0.82 7.83 0.984 0.77 7.83 1.776 0.069 6 6 13 0.0
58936 42.17791523 -3.43857821 1653.277 5469.296 273 23.118 0.01 22.497 0.008 21.855 0.004 21.549 0.04 21.599 0.011 21.341 0.005 0.493 0.44 0.53 7.17 0.986 0.5 7.17 0.681 0.07 6 6 9 0.0
59388 42.19922791 -3.43548264 1270.323 5524.941 157 22.821 0.008 22.552 0.007 22.259 0.005 21.709 0.049 21.734 0.012 21.519 0.006 0.809 0.75 0.86 8.33 0.989 0.8 8.5 0.601 0.099 6 6 5 0.0
59531 42.03041281 -3.43483972 4303.552 5536.878 225 23.287 0.011 22.938 0.01 22.249 0.005 21.821 0.048 21.862 0.011 21.676 0.007 0.637 0.57 0.68 7.5 0.961 0.64 7.5 0.015 0.005 6 6 98 0.0
59917 42.18272426 -3.4347805 1566.856 5537.639 666 21.072 0.003 20.327 0.002 19.834 0.001 19.497 0.047 19.556 0.003 19.241 0.002 0.43 0.09 0.46 7.0 0.881 0.43 7.0 0.084 0.011 6 6 7 0.0
59936 41.97296516 -3.43210838 5335.755 5586.044 108 24.014 0.017 23.602 0.014 22.878 0.007 22.49 0.065 22.497 0.014 22.263 0.01 0.614 0.55 0.67 7.17 0.924 0.6 7.17 0.101 0.06 6 6 103 0.0
59999 41.95646343 -3.43220772 5632.254 5584.245 153 23.519 0.012 23.193 0.011 22.651 0.007 22.391 0.049 22.404 0.016 22.306 0.012 0.549 0.49 0.59 8.5 0.958 0.54 8.5 0.054 0.017 6 6 105 0.0
60015 42.20218607 -3.43190495 1217.157 5589.329 109 23.925 0.016 23.491 0.014 22.815 0.007 22.351 0.061 22.329 0.015 22.154 0.008 0.652 0.58 0.69 7.17 0.945 0.67 7.17 0.528 0.128 6 6 4 0.0
60392 41.99279215 -3.43050841 4979.509 5614.85 154 23.657 0.013 23.242 0.011 22.464 0.005 22.107 0.049 22.118 0.012 21.958 0.008 0.599 0.54 0.65 7.33 0.949 0.59 7.17 0.996 0.135 6 6 101 0.0
60396 41.96120931 -3.43113604 5546.982 5603.539 317 22.726 0.009 22.298 0.007 21.754 0.005 21.096 0.044 21.197 0.008 20.91 0.004 0.754 0.7 0.8 7.17 0.97 0.75 7.17 0.27 0.082 6 6 104 0.0
60570 41.92390979 -3.42945559 6217.174 5633.747 119 23.85 0.014 23.611 0.015 22.943 0.008 22.625 0.054 22.621 0.016 22.585 0.011 0.62 0.57 0.67 8.33 0.969 0.61 8.33 0.582 0.144 6 6 108 0.0
60630 42.17606055 -3.42872007 1686.568 5646.75 139 23.542 0.013 23.217 0.012 22.976 0.008 22.556 0.055 22.617 0.021 22.401 0.011 0.76 0.71 1.79 9.0 0.903 0.76 9.0 2.676 0.173 6 6 6 0.0
60808 42.00690568 -3.42844608 4725.92 5651.972 142 23.705 0.013 23.272 0.011 22.522 0.005 22.113 0.058 22.149 0.011 21.92 0.007 0.608 0.55 0.67 7.0 0.95 0.59 7.0 0.117 0.052 6 6 99 0.0
61087 41.96792451 -3.42585997 5426.328 5698.513 80 24.105 0.015 23.552 0.013 23.105 0.007 22.893 0.065 22.858 0.017 22.723 0.011 0.464 0.4 0.51 8.17 0.934 0.46 8.17 0.731 0.164 6 6 102 0.0
62356 42.19534832 -3.42069813 1339.975 5791.079 222 23.519 0.013 23.032 0.011 22.267 0.005 21.887 0.05 21.926 0.016 21.688 0.007 0.58 0.52 0.64 7.0 0.924 0.59 7.0 0.423 0.035 6 6 2 0.0
62426 42.02317143 -3.41926992 4433.656 5817.139 157 22.773 0.006 22.353 0.005 21.877 0.003 21.651 0.049 21.67 0.008 21.468 0.005 0.487 0.44 0.52 8.33 0.991 0.48 8.33 0.191 0.038 6 6 96 0.0
62540 42.17961718 -3.41853394 1622.627 5830.09 117 23.672 0.012 23.348 0.011 22.912 0.007 22.411 0.064 22.419 0.017 22.168 0.009 0.767 0.72 0.81 8.0 0.991 0.76 8.0 0.285 0.037 6 6 3 0.0
65109 42.00292026 -3.40463231 4797.528 6080.622 109 23.486 0.01 23.353 0.012 23.237 0.008 22.64 0.062 22.711 0.017 22.368 0.01 0.953 0.88 1.04 8.83 0.906 0.96 8.83 0.09 0.037 6 6 95 0.0
65608 42.16633397 -3.40235569 1861.25 6121.344 142 24.187 0.019 23.775 0.018 23.023 0.008 22.621 0.06 22.631 0.018 22.446 0.01 0.614 0.55 0.67 7.17 0.95 0.61 7.17 0.318 0.072 6 6 1 0.0
67420 41.96612309 -3.39645443 5458.715 6227.814 722 21.934 0.009 21.66 0.009 21.043 0.005 20.874 0.052 21.111 0.014 20.903 0.007 0.503 0.46 0.54 9.0 0.993 0.5 9.0 7.289 1.793 6 6 97 0.0
67684 41.991234 -3.39216118 5007.512 6305.103 230 23.211 0.01 22.722 0.009 22.195 0.005 21.937 0.046 21.986 0.013 21.863 0.008 0.507 0.46 0.54 8.17 0.976 0.51 8.17 0.652 0.107 6 6 93 0.0
67951 41.98543483 -3.39374321 5111.714 6276.625 1042 21.614 0.004 20.454 0.002 19.742 0.001 18.722 0.062 19.1 0.002 18.319 0.001 3.66 3.62 3.7 4.5 0.979 3.66 4.5 6.637 1.028 6 6 94 0.0
68175 42.02403844 -3.38825305 4418.063 6375.445 137 23.67 0.012 23.468 0.013 22.933 0.007 22.486 0.058 22.592 0.017 22.411 0.01 0.697 0.65 0.73 8.5 0.991 0.7 8.5 0.195 0.028 6 6 88 0.0
69565 41.98653075 -3.38205424 5092.025 6487.028 269 22.529 0.006 22.016 0.005 21.5 0.003 21.291 0.041 21.292 0.007 21.12 0.005 0.486 0.43 0.53 8.17 0.973 0.48 8.0 0.464 0.053 6 6 91 0.0
69905 42.01301086 -3.37934566 4616.211 6535.783 117 23.671 0.012 23.396 0.012 22.831 0.006 22.329 0.064 22.407 0.013 22.12 0.008 0.729 0.68 0.77 7.83 0.997 0.73 7.83 0.313 0.036 6 6 87 0.0
70257 42.09312711 -3.48053454 3176.802 4714.296 764 19.026 0.001 18.75 0.001 18.799 0.001 18.604 0.053 18.826 0.002 18.357 0.001 2.253 2.18 2.32 6.83 0.995 0.3 10.67 6.138 3.579 6 6 31 0.0
71356 42.03381508 -3.37211671 4242.38 6665.896 160 23.612 0.013 23.171 0.011 22.755 0.006 21.916 0.053 22.055 0.011 21.66 0.006 0.865 0.81 0.91 7.0 0.985 0.87 7.0 0.49 0.111 6 6 83 0.0
71774 42.00253798 -3.38557303 4804.396 6423.691 401 22.537 0.01 21.956 0.008 21.524 0.005 20.852 0.046 20.947 0.009 20.537 0.01 0.822 0.75 0.88 7.0 0.942 0.82 7.0 2.29 0.121 6 6 90 0.0
71989 41.94519186 -3.35557708 5834.86 6963.595 141 23.584 0.012 23.174 0.011 22.784 0.007 22.543 0.06 22.577 0.019 22.532 0.012 0.493 0.44 0.53 9.0 0.977 0.5 9.0 0.711 0.164 6 6 89 0.0
72272 42.01271523 -3.3552017 4621.517 6970.378 219 23.38 0.012 22.975 0.011 22.314 0.005 21.778 0.052 21.861 0.011 21.618 0.006 0.671 0.6 0.72 7.17 0.943 0.68 7.17 0.003 0.011 6 6 81 0.0
72301 42.00475554 -3.37021497 4764.548 6700.138 525 22.964 0.013 22.609 0.013 22.042 0.006 21.721 0.039 21.832 0.018 21.623 0.01 0.54 0.48 0.59 8.17 0.939 0.54 8.17 0.669 0.157 6 6 86 0.0
72404 42.01009163 -3.36501497 4668.663 6793.738 668 22.277 0.009 21.681 0.007 21.185 0.004 20.739 0.048 20.856 0.009 20.584 0.005 0.476 0.43 0.52 7.33 0.97 0.47 7.33 0.993 0.23 6 6 84 0.0
72427 42.0067225 -3.35606058 4729.202 6954.919 196 22.932 0.008 22.48 0.007 21.938 0.004 21.7 0.043 21.731 0.009 21.59 0.006 0.511 0.46 0.55 8.17 0.987 0.51 8.17 0.188 0.038 6 6 82 0.0
72511 41.98292795 -3.35705778 5156.771 6936.967 820 20.267 0.002 19.134 0.001 18.741 0.001 18.128 0.064 18.467 0.001 17.357 0.001 3.27 3.19 3.68 5.17 0.774 3.66 1.67 3.12 0.384 6 6 85 0.0
75374 41.94696298 -3.36867255 5803.021 6727.876 270 22.645 0.007 22.259 0.006 21.5 0.003 21.092 0.04 21.144 0.006 20.914 0.004 0.614 0.56 0.67 7.17 0.97 0.61 7.17 0.087 0.013 6 6 92 0.0
81036 41.96610907 -3.33096413 5459.01 7406.65 414 21.472 0.004 21.279 0.004 20.677 0.002 20.435 0.04 20.483 0.004 20.417 0.003 0.595 0.54 0.65 8.83 0.96 0.59 8.83 0.238 0.053 6 6 80 0.0
81754 41.99861685 -3.32523756 4874.855 7509.74 151 23.749 0.015 23.473 0.015 22.787 0.007 22.44 0.052 22.484 0.016 22.326 0.012 0.622 0.56 0.67 8.0 0.966 0.62 8.0 0.095 0.017 6 6 74 0.0
82909 41.99757375 -3.33184464 4893.599 7390.811 242 23.23 0.011 22.91 0.011 22.072 0.004 21.809 0.041 21.803 0.01 21.654 0.007 0.604 0.56 0.64 7.5 0.995 0.6 7.5 2.044 0.297 6 6 76 0.0
83494 41.99158746 -3.33624883 5001.17 7311.534 190 22.854 0.007 22.407 0.006 21.935 0.004 21.705 0.046 21.727 0.009 21.527 0.006 0.483 0.44 0.52 8.33 0.991 0.48 8.33 0.036 0.009 6 6 78 0.0
85094 42.04050745 -3.34745374 4122.106 7109.829 162 23.26 0.009 22.924 0.009 22.572 0.005 21.902 0.054 22.029 0.011 21.678 0.006 0.843 0.78 0.89 7.83 0.971 0.83 7.83 0.498 0.072 6 6 75 0.0
85187 42.00579485 -3.34553836 4745.87 7144.321 241 22.261 0.005 21.829 0.004 21.482 0.003 21.19 0.039 21.226 0.006 21.122 0.004 0.47 0.05 0.52 8.83 0.861 0.47 8.83 0.817 0.213 6 6 79 0.0
85896 42.02165755 -3.34683379 4460.827 7120.999 120 23.547 0.011 23.277 0.011 22.821 0.006 22.3 0.063 22.309 0.013 22.13 0.008 0.76 0.71 0.8 8.0 0.991 0.76 8.0 0.421 0.094 6 6 77 0.0
