nan
nan
nan
nan
nan
nan
nan
nan
nan
nan
nan
nan
nan
nan
nan
nan
nan
nan
nan
nan
7.436277697830495637e-02
9.699344732242899669e-02
1.216254041074782827e-01
1.448151438781939415e-01
1.716280175624555204e-01
2.070173767969986089e-01
2.293624617738896643e-01
2.333527768905852562e-01
2.327597585868371177e-01
2.387162791364697279e-01
1.982420217388506378e-01
1.977715998414674159e-01
2.314718574929730266e-01
3.091730972816436052e-01
4.060843933595514876e-01
4.836233636317013862e-01
5.662243143706561233e-01
6.221397638622812032e-01
6.562908312294972735e-01
6.691135075083017858e-01
6.761724406157288980e-01
6.371243892996176772e-01
5.729666192830495941e-01
4.503205356929973480e-01
3.570407189747577537e-01
3.107883950986398136e-01
2.315698855721870231e-01
1.622072141101133236e-01
nan
nan
nan
nan
nan
nan
nan
nan
nan
nan
nan
nan
nan
nan
nan
