1.259910810391628502e+03 1.153269845904822660e+03 1.028432946390024426e+03 8.760462912428332629e+02 6.962512285921843613e+02 5.079035337641505521e+02 3.443246365293286999e+02 2.344044896632307768e+02 1.850096405359591927e+02 1.802853214957438013e+02 1.959704160053830719e+02 2.148764953173347578e+02 2.341696957583811241e+02 2.645542877627349867e+02 3.249297742976872883e+02 4.346627669346316907e+02 6.045899517640681324e+02 8.295353705102729691e+02 1.087134175690562188e+03 1.345651722821645308e+03 1.577056062470754114e+03 1.766807759633759360e+03 1.914315163690367626e+03 2.026290621593386959e+03 2.109956016680554058e+03
1.158198682321846718e+03 1.050856609418414791e+03 9.326829706318645776e+02 7.956886291774222855e+02 6.381848996230301054e+02 4.736444534261726176e+02 3.293206704371389719e+02 2.309110397425647818e+02 1.858148969064471316e+02 1.805624294971501058e+02 1.930852967624510370e+02 2.076136045055353065e+02 2.222620208609820054e+02 2.483333071735018223e+02 3.046925110265309513e+02 4.097551277796376894e+02 5.726648263968152150e+02 7.866826000713169833e+02 1.029299189879598316e+03 1.270815147766069003e+03 1.486666923031249098e+03 1.665203682449520329e+03 1.806737362577687236e+03 1.917364645417184192e+03 2.003441415541753031e+03
1.073466610223136286e+03 9.646956514054739955e+02 8.508646792870557647e+02 7.257899114806278931e+02 5.870282146174096169e+02 4.438363245068323977e+02 3.178432384348256505e+02 2.312105753521950930e+02 1.912909401104301992e+02 1.865810100446838078e+02 1.969492352170923368e+02 2.078242733723509446e+02 2.180753816259233702e+02 2.395071150843810983e+02 2.909939739493990487e+02 3.901877223506505175e+02 5.448761556433180431e+02 7.472493300017363254e+02 9.751898806299018361e+02 1.201276551167118214e+03 1.404010857346829198e+03 1.573749387378886468e+03 1.710990244423410331e+03 1.820977001607391003e+03 1.909261430928387199e+03
1.004446710358970336e+03 8.937082299663934464e+02 7.822973093616419646e+02 6.660766954758977363e+02 5.426838288495407596e+02 4.182731083748615788e+02 3.094681237307260631e+02 2.347069753363338123e+02 2.007341415366350930e+02 1.975590471879939400e+02 2.067224910523912627e+02 2.146460235609627034e+02 2.207657883147229256e+02 2.372848790340981964e+02 2.831262063338028270e+02 3.753751937855132610e+02 5.208273072280485394e+02 7.111038099197287465e+02 9.249362917318610471e+02 1.137241099352715992e+03 1.329063787627341526e+03 1.492007535224391631e+03 1.626267249421086035e+03 1.736120854795813784e+03 1.826382409220806949e+03
9.496294498364713945e+02 8.365671714682334823e+02 7.260397541398748444e+02 6.160503601312817636e+02 5.049386554017709727e+02 3.967560344258221789e+02 3.038406658953782653e+02 2.408802339501053211e+02 2.135059591420114771e+02 2.127677577602212864e+02 2.216060050473022045e+02 2.272459128322308857e+02 2.295147098822514522e+02 2.409064307816867938e+02 2.804230015371093714e+02 3.647838548908175653e+02 5.001680293709221701e+02 6.781128440135137225e+02 8.785568019296169950e+02 1.078672114710323513e+03 1.261503526699161739e+03 1.419288409243154547e+03 1.551596550533678737e+03 1.661697311479139216e+03 1.753725369849570825e+03
9.074273561292508248e+02 7.918441667905100303e+02 6.810145382627335948e+02 5.750686292907156485e+02 4.734893218418453102e+02 3.790836503004323390e+02 3.006614303528086793e+02 2.492781137407334597e+02 2.290296683060357452e+02 2.315335306395153054e+02 2.408492561071834075e+02 2.448330380528837225e+02 2.435433600991080993e+02 2.496552621060482124e+02 2.822692010839145951e+02 3.579352819562068362e+02 4.825910248552275448e+02 6.481378135139242431e+02 8.359795376603086652e+02 1.025370135136534373e+03 1.200841541562400835e+03 1.354792920542941602e+03 1.485963930217732241e+03 1.596610522804457560e+03 1.690235205362081615e+03
8.762738421938306601e+02 7.581020311817906077e+02 6.460893058592757825e+02 5.424037510573668897e+02 4.479638411618378768e+02 3.650446864619965481e+02 2.996730905274440033e+02 2.595081456626864451e+02 2.467868566462389595e+02 2.532380899616682655e+02 2.637546041520319591e+02 2.666661182121720799e+02 2.621210872255421691e+02 2.628653474573393964e+02 2.881043837406688226e+02 3.544057437905128154e+02 4.678274786245311816e+02 6.210344355091262969e+02 7.970664526227617444e+02 9.770357333647459654e+02 1.146510394161569820e+03 1.297697307984263489e+03 1.428380556403984883e+03 1.539817955166641923e+03 1.634916512559368812e+03
8.546823249406998002e+02 7.339530771775978337e+02 6.201319226565619829e+02 5.172854814473457736e+02 4.279409681488541537e+02 3.544142996415266680e+02 3.006491626987010477e+02 2.712299608528602448e+02 2.663137230583187716e+02 2.773173799956203993e+02 2.896789725210653614e+02 2.920573955152686381e+02 2.845695281823772689e+02 2.799236724760610286e+02 2.974227434270874255e+02 3.538229930703802779e+02 4.556423193316122138e+02 5.966546661921730674e+02 7.616356607693554679e+02 9.333160470055526048e+02 1.097919823360475675e+03 1.247201990495163955e+03 1.377918858780625214e+03 1.490355268789091497e+03 1.586850651303070890e+03
8.412796637891892715e+02 7.180951159425413834e+02 6.020479045309814410e+02 4.989334895495524620e+02 4.129678011501314359e+02 3.469535422822497139e+02 3.033850012576682502e+02 2.841480844158079435e+02 2.871972501033443450e+02 3.032596081639393901e+02 3.180336295110605533e+02 3.203738659015348276e+02 3.102637975348243913e+02 3.002698784455863006e+02 3.097705033249087592e+02 3.558615333391111335e+02 4.458296259855129620e+02 5.748494905457798723e+02 7.294800449531330742e+02 8.938374819075152118e+02 1.054491313458193417e+03 1.202558149510109615e+03 1.333729464957746586e+03 1.447346381173154441e+03 1.545201893163537079e+03
8.348225141524612809e+02 7.093319962510090591e+02 5.908051852603603038e+02 4.865817518627149525e+02 4.025756252708835632e+02 3.424114466440373121e+02 3.076911581182849886e+02 2.980053476611601582e+02 3.090713087689497343e+02 3.306027702765301797e+02 3.482826949307477662e+02 3.510366559936367139e+02 3.386316786390805191e+02 3.233940649667078446e+02 3.247418571623951493e+02 3.602371482166889223e+02 4.382083601436654590e+02 5.554717487262583973e+02 7.003816387632502938e+02 8.582275964790073886e+02 1.015678175570253416e+03 1.163080458791771207e+03 1.295046842106185522e+03 1.410004862233582571e+03 1.509217203142310154e+03
8.342022814348679276e+02 7.065832557007548758e+02 5.854494271417515847e+02 4.794964592169487219e+02 3.962937506654199638e+02 3.405289026939696555e+02 3.133889454627005762e+02 3.125770435427210145e+02 3.316127444553005716e+02 3.589318709948480546e+02 3.799408480854717709e+02 3.835191858293380847e+02 3.691515474786573350e+02 3.488335180959088575e+02 3.419741593538539064e+02 3.667012321088207614e+02 4.326184794170404189e+02 5.383785162585179478e+02 6.741220565793610149e+02 8.261289285812332537e+02 9.809760397204545370e+02 1.128151293907492573e+03 1.261188321652098239e+03 1.377630386045513433e+03 1.478222402388772025e+03
8.384426263488628592e+02 7.088861550254528083e+02 5.851121719743053973e+02 4.769884979129725480e+02 3.936610842618505330e+02 3.410434884333747618e+02 3.203078565780011786e+02 3.276658900416088045e+02 3.545374907482046183e+02 3.878759674926441221e+02 4.125705750493364121e+02 4.173445951985264628e+02 4.013495688845507630e+02 3.761689203794131231e+02 3.611428793477862769e+02 3.750352792012421332e+02 4.289174334793689241e+02 5.234328319660457964e+02 6.504895806241686387e+02 7.972070343050419297e+02 9.499271331605307296e+02 1.097219841637055652e+03 1.231549422091485894e+03 1.349602543599329692e+03 1.451616416118747111e+03
8.466923287389945472e+02 7.153925385155796448e+02 5.890136353014793258e+02 4.784213945609474194e+02 3.942352867344270635e+02 3.436945142388943850e+02 3.282844030960894202e+02 3.430977983145886014e+02 3.775967572135702994e+02 4.171051101213875540e+02 4.457791798845623816e+02 4.520827753445372537e+02 4.347965495826321103e+02 4.050204328662514399e+02 3.819566746274626894e+02 3.850457549810864748e+02 4.269770274255169511e+02 5.105047481803984510e+02 6.292835964718325386e+02 7.711544974139725355e+02 9.221206497175771801e+02 1.069798307337387087e+03 1.205597292560554479e+03 1.325373447769088898e+03 1.428864671523426750e+03
8.582155077852451086e+02 7.253623711750240091e+02 5.964616187979395363e+02 4.832155543478924073e+02 3.975995271575307584e+02 3.482277120567887891e+02 3.371619082557536444e+02 3.587183800119173043e+02 4.005733342136927035e+02 4.463272242060246526e+02 4.792157005184513991e+02 4.873472370870856594e+02 4.691047068764903543e+02 4.350439064393963235e+02 4.041528106368721183e+02 3.965594807538300302e+02 4.266806373982392415e+02 4.994717783992699083e+02 6.103170254145848048e+02 7.476922243662035044e+02 8.971907657285977393e+02 1.045456622854250554e+03 1.182863405937422613e+03 1.304460008765605835e+03 1.409492305414084740e+03
8.723806001608020324e+02 7.381553422728095484e+02 6.068477521653421718e+02 4.908495817408590938e+02 4.033669993950734352e+02 3.543991892867659317e+02 3.467908344948450008e+02 3.743900829741141933e+02 4.232780488730862771e+02 4.752849637692191891e+02 5.125678128046843085e+02 5.227919630317635438e+02 5.039245154504239963e+02 4.659273767948074578e+02 4.274930589881872152e+02 4.094195948943065559e+02 4.279207666226928382e+02 4.902188618408938510e+02 5.934173073283682243e+02 7.265689799625761225e+02 8.748133367362622721e+02 1.023816535451960362e+03 1.162936185493294488e+03 1.286436404652651163e+03 1.393077580160542311e+03
8.886490525862136565e+02 7.532215553443995759e+02 6.196420399257780218e+02 5.008594130014499797e+02 4.111834757067797455e+02 3.619784438217278648e+02 3.570292976017925639e+02 3.899898188779512225e+02 4.455463935483426212e+02 5.037525631720127421e+02 5.455587697757026717e+02 5.581083322569534175e+02 5.389417231518625613e+02 4.973879183361723904e+02 4.517601326270120694e+02 4.234821078068181919e+02 4.305969300098030885e+02 4.826379731423128305e+02 5.784263794952705666e+02 7.075598398237575566e+02 8.547019481077504679e+02 1.004545617915863886e+03 1.145453963580646359e+03 1.270927044202916932e+03 1.379245736691375896e+03
9.065643546923790836e+02 7.700920271355219029e+02 6.343864729616527711e+02 5.128359037489533421e+02 4.207282330727867929e+02 3.707503800083500209e+02 3.677435080599215098e+02 4.054069404453345555e+02 4.672353335912417833e+02 5.315327112013792430e+02 5.779444030748729801e+02 5.930221649734805851e+02 5.738745773381049275e+02 5.291688787306115955e+02 4.767546644928786463e+02 4.386130339119041537e+02 4.346138533649188957e+02 4.766274955086250884e+02 5.651999944969420540e+02 6.904640266869085963e+02 8.366037490946064281e+02 9.873515192237846350e+02 1.130098490395839917e+03 1.257600174877455629e+03 1.367663403447074188e+03
9.257417954601364727e+02 7.883694811228928074e+02 6.506882698971273840e+02 5.264214083808394662e+02 4.317136992424287882e+02 3.805163673287084407e+02 3.788079672690407733e+02 4.205414356214673148e+02 4.882202881563690653e+02 5.584534712761893616e+02 6.095102033484836284e+02 6.272909107565330942e+02 6.084712713166682079e+02 5.610374783864359642e+02 5.022927005636521471e+02 4.546860612270158413e+02 4.398799689159042146e+02 4.720914563993971456e+02 5.536066310206192611e+02 6.751024433574788191e+02 8.202953350564474704e+02 9.719766342449255490e+02 1.116589096766916782e+03 1.246162198092987182e+03 1.358033608960419315e+03
9.458591529271025138e+02 8.077197358058614327e+02 6.682131411816245645e+02 5.413057700670351551e+02 4.438841370816504650e+02 3.910944405963882673e+02 3.901053203907033549e+02 4.353022271137725738e+02 5.083922692714581331e+02 5.843652708057622931e+02 6.400684941018824929e+02 6.607009902167652626e+02 6.425076029681788441e+02 5.927827384751392401e+02 5.282036562793480243e+02 4.715807045357232710e+02 4.463061845327313222e+02 4.689387024425685127e+02 5.435261775777737512e+02 6.613151054954442998e+02 8.055788350398532884e+02 9.581932826079830647e+02 1.104677545809662661e+03 1.236352698740637152e+03 1.350091399843921408e+03
9.666484038420016986e+02 8.278638429068269033e+02 6.866788172919573299e+02 5.572220161755951722e+02 4.570136279772417538e+02 4.023187638868882914e+02 4.015258231260298771e+02 4.496054926713912892e+02 5.276551628195774128e+02 6.091379838795965043e+02 6.694557154834462835e+02 6.930652963921227183e+02 6.757848297020869950e+02 6.242136917975176402e+02 5.543286741550530223e+02 4.891808804028866575e+02 4.538048997867214780e+02 4.670820666940497858e+02 5.348485076653416854e+02 6.489585980916593826e+02 7.922782914454714955e+02 9.457994327314331713e+02 1.094143569099069282e+03 1.227940164710354111e+03 1.343600035623187296e+03
9.878884548522372597e+02 8.485710157525178374e+02 7.058489476732378307e+02 5.739419273194949938e+02 4.709035343041141459e+02 4.140384635474165407e+02 4.129664148577591050e+02 4.633729507812110455e+02 5.459231424649958626e+02 6.326581370243479796e+02 6.975298426261365421e+02 7.242208643199910512e+02 7.081277049698909423e+02 6.551578297649878095e+02 5.805193168308541090e+02 5.073738389667082629e+02 4.622892360664407079e+02 4.664375545436065522e+02 5.274720132407502433e+02 6.379036251005524036e+02 7.802363764922731661e+02 9.346149795775064604e+02 1.084791066104476613e+03 1.220718356995955446e+03 1.338347710519225075e+03
1.009398834830211058e+03 8.696522932980747100e+02 7.255273530840212288e+02 5.912715209839211639e+02 4.853795245607217339e+02 4.261159062020955162e+02 4.243294094859442680e+02 4.765300870053476956e+02 5.631182251757164750e+02 6.548262824895402900e+02 7.241679767678963344e+02 7.540267276973404478e+02 7.393826874278125842e+02 6.854597439106080401e+02 6.066365314794223877e+02 5.260493845303268472e+02 4.716724363212300091e+02 4.669235437066354848e+02 5.213021213914339569e+02 6.280326880411178081e+02 7.693114717722374962e+02 9.244785798956512508e+02 1.076444946652296494e+03 1.214503286491519930e+03 1.334144733804575480e+03
1.031034237203723933e+03 8.909547987540699978e+02 7.455524965739896288e+02 6.090463623604459826e+02 5.002881399926816357e+02 4.384244419411828630e+02 4.355208244120944983e+02 4.890043322574623517e+02 5.791680086041695859e+02 6.755546095713623345e+02 7.492641724465674997e+02 7.823619972296488640e+02 7.694163254210232026e+02 7.149799270968840119e+02 6.325498210450676879e+02 5.450993083361178151e+02 4.818673675816149853e+02 4.684599587332176043e+02 5.162497908933154349e+02 6.192379207426092762e+02 7.593751460225544179e+02 9.152450674982094370e+02 1.068948611943460492e+03 1.209130752939102877e+03 1.330821078498923725e+03
1.052679741567986184e+03 9.123563649930821384e+02 7.657919186736281745e+02 6.271264904917837839e+02 5.154927802955320431e+02 4.508455826470761281e+02 4.464483771961942580e+02 5.007232536122626243e+02 5.940036834207817265e+02 6.947649084884790227e+02 7.727275953762654126e+02 8.091242177895751411e+02 7.981138308371921539e+02 7.435937037926282756e+02 6.581365516271707747e+02 5.644169355363012528e+02 4.927860263719002774e+02 4.709673532463491483e+02 5.122299839254549170e+02 6.114191331997483303e+02 7.503101078801435051e+02 9.067835118382769224e+02 1.062162090792027357e+03 1.204454393246855261e+03 1.328224171128858416e+03
1.074246450791966254e+03 9.337601979141344373e+02 7.861362773846858545e+02 6.453906408638258654e+02 5.308689095618497049e+02 4.632655548347629519e+02 4.570192033418794040e+02 5.116128877725115558e+02 6.075584937008247834e+02 7.123870674455731660e+02 7.944811554434670597e+02 8.342280862618983974e+02 8.253778640240975619e+02 7.711902512976657817e+02 6.832813009911465087e+02 5.838966511859848652e+02 5.043389132651101363e+02 4.743658317960488375e+02 5.091601522492768481e+02 6.044821901293339579e+02 7.420087862999320123e+02 8.989760349456830681e+02 1.055960855713706678e+03 1.200344148227481355e+03 1.326216725997641788e+03
