2.000003796079305118e+00
2.000003796079305118e+00
2.000003796079305118e+00
2.000003796079305118e+00
2.000003796079305118e+00
2.000003796079305118e+00
2.000003796079305118e+00
2.000003796079305118e+00
2.000003796079305118e+00
2.000003796079305118e+00
2.000003796079305118e+00
2.000003796079305118e+00
2.000003796079305118e+00
2.000003796079305118e+00
2.000003796079305118e+00
2.000003796079305118e+00
2.000003796079305118e+00
2.000003796079305118e+00
2.000003796079305118e+00
5.160457097736400556e+01
2.923920791545569386e+01
2.927670473757669356e+01
2.948089754077631852e+01
2.969688520213820837e+01
2.992074560963430585e+01
3.008764142271935782e+01
3.039253136246664511e+01
3.087277779546277756e+01
3.140501301591965344e+01
3.206668817553058659e+01
3.309385953134282943e+01
3.536868507484863500e+01
3.777959268629837908e+01
3.884157181828089023e+01
3.939986090825564702e+01
4.000919222267028630e+01
4.064989679991136740e+01
4.126080747856043018e+01
4.177851201043858964e+01
4.225873258925675202e+01
4.271717511556281721e+01
4.309677750856626943e+01
4.336049266187910689e+01
4.351591034262215629e+01
4.363244985457903624e+01
4.371657686492101647e+01
4.388233397124462698e+01
4.400557974335706035e+01
1.465711693272849914e+01
2.000003796079305118e+00
2.000003796079305118e+00
2.000003796079305118e+00
2.000003796079305118e+00
2.000003796079305118e+00
2.000003796079305118e+00
2.000003796079305118e+00
2.000003796079305118e+00
2.000003796079305118e+00
2.000003796079305118e+00
2.000003796079305118e+00
2.000003796079305118e+00
2.000003796079305118e+00
2.000003796079305118e+00
