3.300000000000014033e-01
3.300000000000014033e-01
3.300000000000014033e-01
3.300000000000014033e-01
3.300000000000014033e-01
3.300000000000014033e-01
3.300000000000014033e-01
3.300000000000014033e-01
3.300000000000014033e-01
3.300000000000014033e-01
3.300000000000014033e-01
3.300000000000014033e-01
3.300000000000014033e-01
3.300000000000014033e-01
3.300000000000014033e-01
3.300000000000014033e-01
3.300000000000014033e-01
3.300000000000014033e-01
3.300000000000014033e-01
3.300000000410000522e-01
1.396145496707035472e+00
1.468215162058286838e+00
1.550673569367001514e+00
1.612298359518234747e+00
1.649999999999988365e+00
1.649999999999999689e+00
1.649999999999999689e+00
1.649999999999999689e+00
1.649999999999999689e+00
1.649999999999999689e+00
1.649999999999999689e+00
1.649999999999999689e+00
1.649999999999999689e+00
1.649999999999999689e+00
1.649999999999999689e+00
1.649999999999999689e+00
1.649999999999999689e+00
1.649999999999999689e+00
1.649999999999999689e+00
1.621881475240212422e+00
1.527902615138568843e+00
1.449867886967774799e+00
1.410913870004318671e+00
1.395188160135145239e+00
1.369427800313329557e+00
1.282639929599039386e+00
1.128789822230702455e+00
1.011696312420604871e+00
3.300000002752628836e-01
3.300000000000014033e-01
3.300000000000014033e-01
3.300000000000014033e-01
3.300000000000014033e-01
3.300000000000014033e-01
3.300000000000014033e-01
3.300000000000014033e-01
3.300000000000014033e-01
3.300000000000014033e-01
3.300000000000014033e-01
3.300000000000014033e-01
3.300000000000014033e-01
3.300000000000014033e-01
3.300000000000014033e-01
