7690 7690 7691 7691 7691 7691 7692 7692 7692 7693 7693 7693 7694 7694 7694 7695 7695 7695 7696 7696 7696 7697 7697 7697 7697 7698 7698 7698 7699 7699 7699 7700 7700 7700 7701 7701 7701 7702 7702 7702 7703 7703 7703 7704 7704 7704 7704 7705 7705 7705 7706 7706 7706 7707 7707 7707 7708 7708 7708 7709 7709 7709 7710 7710 7710 7711 7711 7711 7711 7712 7712 7712 7713 7713 7713 7714 7714 7714 7715 7715 7715 7716 7716 7716 7717 7717 7717 7718 7718 7718 7718 7719 7719 7719 7720
7690 7690 7691 7691 7691 7692 7692 7692 7692 7693 7693 7693 7694 7694 7694 7695 7695 7695 7696 7696 7696 7697 7697 7697 7698 7698 7698 7699 7699 7699 7699 7700 7700 7700 7701 7701 7701 7702 7702 7702 7703 7703 7703 7704 7704 7704 7705 7705 7705 7706 7706 7706 7706 7707 7707 7707 7708 7708 7708 7709 7709 7709 7710 7710 7710 7711 7711 7711 7712 7712 7712 7712 7713 7713 7713 7714 7714 7714 7715 7715 7715 7716 7716 7716 7717 7717 7717 7718 7718 7718 7719 7719 7719 7719 7720
7690 7690 7691 7691 7691 7692 7692 7692 7693 7693 7693 7693 7694 7694 7694 7695 7695 7695 7696 7696 7696 7697 7697 7697 7698 7698 7698 7699 7699 7699 7700 7700 7700 7700 7701 7701 7701 7702 7702 7702 7703 7703 7703 7704 7704 7704 7705 7705 7705 7706 7706 7706 7707 7707 7707 7707 7708 7708 7708 7709 7709 7709 7710 7710 7710 7711 7711 7711 7712 7712 7712 7713 7713 7713 7714 7714 7714 7714 7715 7715 7715 7716 7716 7716 7717 7717 7717 7718 7718 7718 7719 7719 7719 7720 7720
7690 7690 7691 7691 7691 7692 7692 7692 7693 7693 7693 7694 7694 7694 7694 7695 7695 7695 7696 7696 7696 7697 7697 7697 7698 7698 7698 7699 7699 7699 7700 7700 7700 7701 7701 7701 7701 7702 7702 7702 7703 7703 7703 7704 7704 7704 7705 7705 7705 7706 7706 7706 7707 7707 7707 7708 7708 7708 7708 7709 7709 7709 7710 7710 7710 7711 7711 7711 7712 7712 7712 7713 7713 7713 7714 7714 7714 7715 7715 7715 7715 7716 7716 7716 7717 7717 7717 7718 7718 7718 7719 7719 7719 7720 7720
7690 7690 7691 7691 7691 7692 7692 7692 7693 7693 7693 7694 7694 7694 7695 7695 7695 7695 7696 7696 7696 7697 7697 7697 7698 7698 7698 7699 7699 7699 7700 7700 7700 7701 7701 7701 7702 7702 7702 7702 7703 7703 7703 7704 7704 7704 7705 7705 7705 7706 7706 7706 7707 7707 7707 7708 7708 7708 7709 7709 7709 7709 7710 7710 7710 7711 7711 7711 7712 7712 7712 7713 7713 7713 7714 7714 7714 7715 7715 7715 7716 7716 7716 7716 7717 7717 7717 7718 7718 7718 7719 7719 7719 7720 7720
7690 7690 7691 7691 7691 7692 7692 7692 7693 7693 7693 7694 7694 7694 7695 7695 7695 7696 7696 7696 7697 7697 7697 7697 7698 7698 7698 7699 7699 7699 7700 7700 7700 7701 7701 7701 7702 7702 7702 7703 7703 7703 7703 7704 7704 7704 7705 7705 7705 7706 7706 7706 7707 7707 7707 7708 7708 7708 7709 7709 7709 7710 7710 7710 7710 7711 7711 7711 7712 7712 7712 7713 7713 7713 7714 7714 7714 7715 7715 7715 7716 7716 7716 7717 7717 7717 7717 7718 7718 7718 7719 7719 7719 7720 7720
7690 7691 7691 7691 7691 7692 7692 7692 7693 7693 7693 7694 7694 7694 7695 7695 7695 7696 7696 7696 7697 7697 7697 7698 7698 7698 7698 7699 7699 7699 7700 7700 7700 7701 7701 7701 7702 7702 7702 7703 7703 7703 7704 7704 7704 7704 7705 7705 7705 7706 7706 7706 7707 7707 7707 7708 7708 7708 7709 7709 7709 7710 7710 7710 7711 7711 7711 7711 7712 7712 7712 7713 7713 7713 7714 7714 7714 7715 7715 7715 7716 7716 7716 7717 7717 7717 7718 7718 7718 7718 7719 7719 7719 7720 7720
7690 7691 7691 7691 7692 7692 7692 7692 7693 7693 7693 7694 7694 7694 7695 7695 7695 7696 7696 7696 7697 7697 7697 7698 7698 7698 7699 7699 7699 7699 7700 7700 7700 7701 7701 7701 7702 7702 7702 7703 7703 7703 7704 7704 7704 7705 7705 7705 7705 7706 7706 7706 7707 7707 7707 7708 7708 7708 7709 7709 7709 7710 7710 7710 7711 7711 7711 7712 7712 7712 7712 7713 7713 7713 7714 7714 7714 7715 7715 7715 7716 7716 7716 7717 7717 7717 7718 7718 7718 7719 7719 7719 7719 7720 7720
7690 7691 7691 7691 7692 7692 7692 7693 7693 7693 7693 7694 7694 7694 7695 7695 7695 7696 7696 7696 7697 7697 7697 7698 7698 7698 7699 7699 7699 7700 7700 7700 7700 7701 7701 7701 7702 7702 7702 7703 7703 7703 7704 7704 7704 7705 7705 7705 7706 7706 7706 7706 7707 7707 7707 7708 7708 7708 7709 7709 7709 7710 7710 7710 7711 7711 7711 7712 7712 7712 7713 7713 7713 7713 7714 7714 7714 7715 7715 7715 7716 7716 7716 7717 7717 7717 7718 7718 7718 7719 7719 7719 7720 7720 7720
7690 7691 7691 7691 7692 7692 7692 7693 7693 7693 7694 7694 7694 7694 7695 7695 7695 7696 7696 7696 7697 7697 7697 7698 7698 7698 7699 7699 7699 7700 7700 7700 7700 7701 7701 7701 7702 7702 7702 7703 7703 7703 7704 7704 7704 7705 7705 7705 7706 7706 7706 7707 7707 7707 7707 7708 7708 7708 7709 7709 7709 7710 7710 7710 7711 7711 7711 7712 7712 7712 7713 7713 7713 7714 7714 7714 7714 7715 7715 7715 7716 7716 7716 7717 7717 7717 7718 7718 7718 7719 7719 7719 7720 7720 7720
7690 7691 7691 7691 7692 7692 7692 7693 7693 7693 7694 7694 7694 7695 7695 7695 7695 7696 7696 7696 7697 7697 7697 7698 7698 7698 7699 7699 7699 7700 7700 7700 7701 7701 7701 7701 7702 7702 7702 7703 7703 7703 7704 7704 7704 7705 7705 7705 7706 7706 7706 7707 7707 7707 7708 7708 7708 7708 7709 7709 7709 7710 7710 7710 7711 7711 7711 7712 7712 7712 7713 7713 7713 7714 7714 7714 7715 7715 7715 7715 7716 7716 7716 7717 7717 7717 7718 7718 7718 7719 7719 7719 7720 7720 7720
7690 7691 7691 7691 7692 7692 7692 7693 7693 7693 7694 7694 7694 7695 7695 7695 7696 7696 7696 7696 7697 7697 7697 7698 7698 7698 7699 7699 7699 7700 7700 7700 7701 7701 7701 7702 7702 7702 7702 7703 7703 7703 7704 7704 7704 7705 7705 7705 7706 7706 7706 7707 7707 7707 7708 7708 7708 7709 7709 7709 7709 7710 7710 7710 7711 7711 7711 7712 7712 7712 7713 7713 7713 7714 7714 7714 7715 7715 7715 7716 7716 7716 7716 7717 7717 7717 7718 7718 7718 7719 7719 7719 7720 7720 7720
7690 7691 7691 7691 7692 7692 7692 7693 7693 7693 7694 7694 7694 7695 7695 7695 7696 7696 7696 7696 7697 7697 7697 7698 7698 7698 7699 7699 7699 7700 7700 7700 7701 7701 7701 7702 7702 7702 7703 7703 7703 7703 7704 7704 7704 7705 7705 7705 7706 7706 7706 7707 7707 7707 7708 7708 7708 7709 7709 7709 7710 7710 7710 7710 7711 7711 7711 7712 7712 7712 7713 7713 7713 7714 7714 7714 7715 7715 7715 7716 7716 7716 7717 7717 7717 7717 7718 7718 7718 7719 7719 7719 7720 7720 7720
7691 7691 7691 7691 7692 7692 7692 7693 7693 7693 7694 7694 7694 7695 7695 7695 7696 7696 7696 7697 7697 7697 7697 7698 7698 7698 7699 7699 7699 7700 7700 7700 7701 7701 7701 7702 7702 7702 7703 7703 7703 7704 7704 7704 7704 7705 7705 7705 7706 7706 7706 7707 7707 7707 7708 7708 7708 7709 7709 7709 7710 7710 7710 7711 7711 7711 7711 7712 7712 7712 7713 7713 7713 7714 7714 7714 7715 7715 7715 7716 7716 7716 7717 7717 7717 7718 7718 7718 7718 7719 7719 7719 7720 7720 7720
7691 7691 7691 7692 7692 7692 7692 7693 7693 7693 7694 7694 7694 7695 7695 7695 7696 7696 7696 7697 7697 7697 7698 7698 7698 7698 7699 7699 7699 7700 7700 7700 7701 7701 7701 7702 7702 7702 7703 7703 7703 7704 7704 7704 7705 7705 7705 7705 7706 7706 7706 7707 7707 7707 7708 7708 7708 7709 7709 7709 7710 7710 7710 7711 7711 7711 7712 7712 7712 7712 7713 7713 7713 7714 7714 7714 7715 7715 7715 7716 7716 7716 7717 7717 7717 7718 7718 7718 7719 7719 7719 7719 7720 7720 7720
7691 7691 7691 7692 7692 7692 7693 7693 7693 7693 7694 7694 7694 7695 7695 7695 7696 7696 7696 7697 7697 7697 7698 7698 7698 7699 7699 7699 7700 7700 7700 7700 7701 7701 7701 7702 7702 7702 7703 7703 7703 7704 7704 7704 7705 7705 7705 7706 7706 7706 7706 7707 7707 7707 7708 7708 7708 7709 7709 7709 7710 7710 7710 7711 7711 7711 7712 7712 7712 7713 7713 7713 7713 7714 7714 7714 7715 7715 7715 7716 7716 7716 7717 7717 7717 7718 7718 7718 7719 7719 7719 7720 7720 7720 7720
7691 7691 7691 7692 7692 7692 7693 7693 7693 7694 7694 7694 7694 7695 7695 7695 7696 7696 7696 7697 7697 7697 7698 7698 7698 7699 7699 7699 7700 7700 7700 7700 7701 7701 7701 7702 7702 7702 7703 7703 7703 7704 7704 7704 7705 7705 7705 7706 7706 7706 7707 7707 7707 7707 7708 7708 7708 7709 7709 7709 7710 7710 7710 7711 7711 7711 7712 7712 7712 7713 7713 7713 7714 7714 7714 7714 7715 7715 7715 7716 7716 7716 7717 7717 7717 7718 7718 7718 7719 7719 7719 7720 7720 7720 7721
7691 7691 7691 7692 7692 7692 7693 7693 7693 7694 7694 7694 7695 7695 7695 7695 7696 7696 7696 7697 7697 7697 7698 7698 7698 7699 7699 7699 7700 7700 7700 7701 7701 7701 7701 7702 7702 7702 7703 7703 7703 7704 7704 7704 7705 7705 7705 7706 7706 7706 7707 7707 7707 7708 7708 7708 7708 7709 7709 7709 7710 7710 7710 7711 7711 7711 7712 7712 7712 7713 7713 7713 7714 7714 7714 7715 7715 7715 7715 7716 7716 7716 7717 7717 7717 7718 7718 7718 7719 7719 7719 7720 7720 7720 7721
7691 7691 7691 7692 7692 7692 7693 7693 7693 7694 7694 7694 7695 7695 7695 7696 7696 7696 7696 7697 7697 7697 7698 7698 7698 7699 7699 7699 7700 7700 7700 7701 7701 7701 7702 7702 7702 7702 7703 7703 7703 7704 7704 7704 7705 7705 7705 7706 7706 7706 7707 7707 7707 7708 7708 7708 7709 7709 7709 7709 7710 7710 7710 7711 7711 7711 7712 7712 7712 7713 7713 7713 7714 7714 7714 7715 7715 7715 7716 7716 7716 7716 7717 7717 7717 7718 7718 7718 7719 7719 7719 7720 7720 7720 7721
7691 7691 7691 7692 7692 7692 7693 7693 7693 7694 7694 7694 7695 7695 7695 7696 7696 7696 7697 7697 7697 7697 7698 7698 7698 7699 7699 7699 7700 7700 7700 7701 7701 7701 7702 7702 7702 7703 7703 7703 7703 7704 7704 7704 7705 7705 7705 7706 7706 7706 7707 7707 7707 7708 7708 7708 7709 7709 7709 7710 7710 7710 7710 7711 7711 7711 7712 7712 7712 7713 7713 7713 7714 7714 7714 7715 7715 7715 7716 7716 7716 7717 7717 7717 7717 7718 7718 7718 7719 7719 7719 7720 7720 7720 7721
7691 7691 7691 7692 7692 7692 7693 7693 7693 7694 7694 7694 7695 7695 7695 7696 7696 7696 7697 7697 7697 7698 7698 7698 7698 7699 7699 7699 7700 7700 7700 7701 7701 7701 7702 7702 7702 7703 7703 7703 7704 7704 7704 7704 7705 7705 7705 7706 7706 7706 7707 7707 7707 7708 7708 7708 7709 7709 7709 7710 7710 7710 7711 7711 7711 7711 7712 7712 7712 7713 7713 7713 7714 7714 7714 7715 7715 7715 7716 7716 7716 7717 7717 7717 7718 7718 7718 7718 7719 7719 7719 7720 7720 7720 7721
7691 7691 7692 7692 7692 7692 7693 7693 7693 7694 7694 7694 7695 7695 7695 7696 7696 7696 7697 7697 7697 7698 7698 7698 7698 7699 7699 7699 7700 7700 7700 7701 7701 7701 7702 7702 7702 7703 7703 7703 7704 7704 7704 7705 7705 7705 7705 7706 7706 7706 7707 7707 7707 7708 7708 7708 7709 7709 7709 7710 7710 7710 7711 7711 7711 7712 7712 7712 7712 7713 7713 7713 7714 7714 7714 7715 7715 7715 7716 7716 7716 7717 7717 7717 7718 7718 7718 7719 7719 7719 7719 7720 7720 7720 7721
7691 7691 7692 7692 7692 7693 7693 7693 7693 7694 7694 7694 7695 7695 7695 7696 7696 7696 7697 7697 7697 7698 7698 7698 7699 7699 7699 7699 7700 7700 7700 7701 7701 7701 7702 7702 7702 7703 7703 7703 7704 7704 7704 7705 7705 7705 7706 7706 7706 7706 7707 7707 7707 7708 7708 7708 7709 7709 7709 7710 7710 7710 7711 7711 7711 7712 7712 7712 7713 7713 7713 7713 7714 7714 7714 7715 7715 7715 7716 7716 7716 7717 7717 7717 7718 7718 7718 7719 7719 7719 7720 7720 7720 7720 7721
7691 7691 7692 7692 7692 7693 7693 7693 7694 7694 7694 7694 7695 7695 7695 7696 7696 7696 7697 7697 7697 7698 7698 7698 7699 7699 7699 7700 7700 7700 7700 7701 7701 7701 7702 7702 7702 7703 7703 7703 7704 7704 7704 7705 7705 7705 7706 7706 7706 7707 7707 7707 7707 7708 7708 7708 7709 7709 7709 7710 7710 7710 7711 7711 7711 7712 7712 7712 7713 7713 7713 7714 7714 7714 7714 7715 7715 7715 7716 7716 7716 7717 7717 7717 7718 7718 7718 7719 7719 7719 7720 7720 7720 7721 7721
7691 7691 7692 7692 7692 7693 7693 7693 7694 7694 7694 7695 7695 7695 7695 7696 7696 7696 7697 7697 7697 7698 7698 7698 7699 7699 7699 7700 7700 7700 7701 7701 7701 7701 7702 7702 7702 7703 7703 7703 7704 7704 7704 7705 7705 7705 7706 7706 7706 7707 7707 7707 7708 7708 7708 7708 7709 7709 7709 7710 7710 7710 7711 7711 7711 7712 7712 7712 7713 7713 7713 7714 7714 7714 7715 7715 7715 7715 7716 7716 7716 7717 7717 7717 7718 7718 7718 7719 7719 7719 7720 7720 7720 7721 7721
7691 7691 7692 7692 7692 7693 7693 7693 7694 7694 7694 7695 7695 7695 7696 7696 7696 7696 7697 7697 7697 7698 7698 7698 7699 7699 7699 7700 7700 7700 7701 7701 7701 7702 7702 7702 7702 7703 7703 7703 7704 7704 7704 7705 7705 7705 7706 7706 7706 7707 7707 7707 7708 7708 7708 7709 7709 7709 7709 7710 7710 7710 7711 7711 7711 7712 7712 7712 7713 7713 7713 7714 7714 7714 7715 7715 7715 7716 7716 7716 7716 7717 7717 7717 7718 7718 7718 7719 7719 7719 7720 7720 7720 7721 7721
7691 7691 7692 7692 7692 7693 7693 7693 7694 7694 7694 7695 7695 7695 7696 7696 7696 7697 7697 7697 7697 7698 7698 7698 7699 7699 7699 7700 7700 7700 7701 7701 7701 7702 7702 7702 7703 7703 7703 7703 7704 7704 7704 7705 7705 7705 7706 7706 7706 7707 7707 7707 7708 7708 7708 7709 7709 7709 7710 7710 7710 7710 7711 7711 7711 7712 7712 7712 7713 7713 7713 7714 7714 7714 7715 7715 7715 7716 7716 7716 7717 7717 7717 7717 7718 7718 7718 7719 7719 7719 7720 7720 7720 7721 7721
7691 7691 7692 7692 7692 7693 7693 7693 7694 7694 7694 7695 7695 7695 7696 7696 7696 7697 7697 7697 7698 7698 7698 7698 7699 7699 7699 7700 7700 7700 7701 7701 7701 7702 7702 7702 7703 7703 7703 7704 7704 7704 7704 7705 7705 7705 7706 7706 7706 7707 7707 7707 7708 7708 7708 7709 7709 7709 7710 7710 7710 7711 7711 7711 7711 7712 7712 7712 7713 7713 7713 7714 7714 7714 7715 7715 7715 7716 7716 7716 7717 7717 7717 7718 7718 7718 7718 7719 7719 7719 7720 7720 7720 7721 7721
7691 7692 7692 7692 7692 7693 7693 7693 7694 7694 7694 7695 7695 7695 7696 7696 7696 7697 7697 7697 7698 7698 7698 7699 7699 7699 7699 7700 7700 7700 7701 7701 7701 7702 7702 7702 7703 7703 7703 7704 7704 7704 7705 7705 7705 7705 7706 7706 7706 7707 7707 7707 7708 7708 7708 7709 7709 7709 7710 7710 7710 7711 7711 7711 7712 7712 7712 7712 7713 7713 7713 7714 7714 7714 7715 7715 7715 7716 7716 7716 7717 7717 7717 7718 7718 7718 7719 7719 7719 7719 7720 7720 7720 7721 7721
7691 7692 7692 7692 7693 7693 7693 7693 7694 7694 7694 7695 7695 7695 7696 7696 7696 7697 7697 7697 7698 7698 7698 7699 7699 7699 7700 7700 7700 7700 7701 7701 7701 7702 7702 7702 7703 7703 7703 7704 7704 7704 7705 7705 7705 7706 7706 7706 7706 7707 7707 7707 7708 7708 7708 7709 7709 7709 7710 7710 7710 7711 7711 7711 7712 7712 7712 7713 7713 7713 7713 7714 7714 7714 7715 7715 7715 7716 7716 7716 7717 7717 7717 7718 7718 7718 7719 7719 7719 7720 7720 7720 7720 7721 7721
7691 7692 7692 7692 7693 7693 7693 7694 7694 7694 7694 7695 7695 7695 7696 7696 7696 7697 7697 7697 7698 7698 7698 7699 7699 7699 7700 7700 7700 7700 7701 7701 7701 7702 7702 7702 7703 7703 7703 7704 7704 7704 7705 7705 7705 7706 7706 7706 7707 7707 7707 7707 7708 7708 7708 7709 7709 7709 7710 7710 7710 7711 7711 7711 7712 7712 7712 7713 7713 7713 7714 7714 7714 7714 7715 7715 7715 7716 7716 7716 7717 7717 7717 7718 7718 7718 7719 7719 7719 7720 7720 7720 7721 7721 7721
7691 7692 7692 7692 7693 7693 7693 7694 7694 7694 7695 7695 7695 7695 7696 7696 7696 7697 7697 7697 7698 7698 7698 7699 7699 7699 7700 7700 7700 7701 7701 7701 7701 7702 7702 7702 7703 7703 7703 7704 7704 7704 7705 7705 7705 7706 7706 7706 7707 7707 7707 7708 7708 7708 7708 7709 7709 7709 7710 7710 7710 7711 7711 7711 7712 7712 7712 7713 7713 7713 7714 7714 7714 7715 7715 7715 7715 7716 7716 7716 7717 7717 7717 7718 7718 7718 7719 7719 7719 7720 7720 7720 7721 7721 7721
7691 7692 7692 7692 7693 7693 7693 7694 7694 7694 7695 7695 7695 7695 7696 7696 7696 7697 7697 7697 7698 7698 7698 7699 7699 7699 7700 7700 7700 7701 7701 7701 7702 7702 7702 7702 7703 7703 7703 7704 7704 7704 7705 7705 7705 7706 7706 7706 7707 7707 7707 7708 7708 7708 7709 7709 7709 7709 7710 7710 7710 7711 7711 7711 7712 7712 7712 7713 7713 7713 7714 7714 7714 7715 7715 7715 7716 7716 7716 7716 7717 7717 7717 7718 7718 7718 7719 7719 7719 7720 7720 7720 7721 7721 7721
7691 7692 7692 7692 7693 7693 7693 7694 7694 7694 7695 7695 7695 7696 7696 7696 7696 7697 7697 7697 7698 7698 7698 7699 7699 7699 7700 7700 7700 7701 7701 7701 7702 7702 7702 7703 7703 7703 7703 7704 7704 7704 7705 7705 7705 7706 7706 7706 7707 7707 7707 7708 7708 7708 7709 7709 7709 7710 7710 7710 7710 7711 7711 7711 7712 7712 7712 7713 7713 7713 7714 7714 7714 7715 7715 7715 7716 7716 7716 7717 7717 7717 7717 7718 7718 7718 7719 7719 7719 7720 7720 7720 7721 7721 7721
7691 7692 7692 7692 7693 7693 7693 7694 7694 7694 7695 7695 7695 7696 7696 7696 7697 7697 7697 7697 7698 7698 7698 7699 7699 7699 7700 7700 7700 7701 7701 7701 7702 7702 7702 7703 7703 7703 7704 7704 7704 7704 7705 7705 7705 7706 7706 7706 7707 7707 7707 7708 7708 7708 7709 7709 7709 7710 7710 7710 7711 7711 7711 7711 7712 7712 7712 7713 7713 7713 7714 7714 7714 7715 7715 7715 7716 7716 7716 7717 7717 7717 7718 7718 7718 7718 7719 7719 7719 7720 7720 7720 7721 7721 7721
7692 7692 7692 7692 7693 7693 7693 7694 7694 7694 7695 7695 7695 7696 7696 7696 7697 7697 7697 7698 7698 7698 7698 7699 7699 7699 7700 7700 7700 7701 7701 7701 7702 7702 7702 7703 7703 7703 7704 7704 7704 7705 7705 7705 7705 7706 7706 7706 7707 7707 7707 7708 7708 7708 7709 7709 7709 7710 7710 7710 7711 7711 7711 7712 7712 7712 7712 7713 7713 7713 7714 7714 7714 7715 7715 7715 7716 7716 7716 7717 7717 7717 7718 7718 7718 7719 7719 7719 7719 7720 7720 7720 7721 7721 7721
7692 7692 7692 7693 7693 7693 7693 7694 7694 7694 7695 7695 7695 7696 7696 7696 7697 7697 7697 7698 7698 7698 7699 7699 7699 7699 7700 7700 7700 7701 7701 7701 7702 7702 7702 7703 7703 7703 7704 7704 7704 7705 7705 7705 7706 7706 7706 7706 7707 7707 7707 7708 7708 7708 7709 7709 7709 7710 7710 7710 7711 7711 7711 7712 7712 7712 7713 7713 7713 7713 7714 7714 7714 7715 7715 7715 7716 7716 7716 7717 7717 7717 7718 7718 7718 7719 7719 7719 7720 7720 7720 7720 7721 7721 7721
7692 7692 7692 7693 7693 7693 7694 7694 7694 7694 7695 7695 7695 7696 7696 7696 7697 7697 7697 7698 7698 7698 7699 7699 7699 7700 7700 7700 7700 7701 7701 7701 7702 7702 7702 7703 7703 7703 7704 7704 7704 7705 7705 7705 7706 7706 7706 7707 7707 7707 7707 7708 7708 7708 7709 7709 7709 7710 7710 7710 7711 7711 7711 7712 7712 7712 7713 7713 7713 7714 7714 7714 7714 7715 7715 7715 7716 7716 7716 7717 7717 7717 7718 7718 7718 7719 7719 7719 7720 7720 7720 7721 7721 7721 7721
7692 7692 7692 7693 7693 7693 7694 7694 7694 7695 7695 7695 7695 7696 7696 7696 7697 7697 7697 7698 7698 7698 7699 7699 7699 7700 7700 7700 7701 7701 7701 7701 7702 7702 7702 7703 7703 7703 7704 7704 7704 7705 7705 7705 7706 7706 7706 7707 7707 7707 7708 7708 7708 7708 7709 7709 7709 7710 7710 7710 7711 7711 7711 7712 7712 7712 7713 7713 7713 7714 7714 7714 7715 7715 7715 7715 7716 7716 7716 7717 7717 7717 7718 7718 7718 7719 7719 7719 7720 7720 7720 7721 7721 7721 7722
7692 7692 7692 7693 7693 7693 7694 7694 7694 7695 7695 7695 7695 7696 7696 7696 7697 7697 7697 7698 7698 7698 7699 7699 7699 7700 7700 7700 7701 7701 7701 7702 7702 7702 7702 7703 7703 7703 7704 7704 7704 7705 7705 7705 7706 7706 7706 7707 7707 7707 7708 7708 7708 7709 7709 7709 7709 7710 7710 7710 7711 7711 7711 7712 7712 7712 7713 7713 7713 7714 7714 7714 7715 7715 7715 7716 7716 7716 7716 7717 7717 7717 7718 7718 7718 7719 7719 7719 7720 7720 7720 7721 7721 7721 7722
7692 7692 7692 7693 7693 7693 7694 7694 7694 7695 7695 7695 7696 7696 7696 7696 7697 7697 7697 7698 7698 7698 7699 7699 7699 7700 7700 7700 7701 7701 7701 7702 7702 7702 7703 7703 7703 7703 7704 7704 7704 7705 7705 7705 7706 7706 7706 7707 7707 7707 7708 7708 7708 7709 7709 7709 7710 7710 7710 7710 7711 7711 7711 7712 7712 7712 7713 7713 7713 7714 7714 7714 7715 7715 7715 7716 7716 7716 7717 7717 7717 7717 7718 7718 7718 7719 7719 7719 7720 7720 7720 7721 7721 7721 7722
7692 7692 7692 7693 7693 7693 7694 7694 7694 7695 7695 7695 7696 7696 7696 7697 7697 7697 7697 7698 7698 7698 7699 7699 7699 7700 7700 7700 7701 7701 7701 7702 7702 7702 7703 7703 7703 7704 7704 7704 7704 7705 7705 7705 7706 7706 7706 7707 7707 7707 7708 7708 7708 7709 7709 7709 7710 7710 7710 7711 7711 7711 7711 7712 7712 7712 7713 7713 7713 7714 7714 7714 7715 7715 7715 7716 7716 7716 7717 7717 7717 7718 7718 7718 7718 7719 7719 7719 7720 7720 7720 7721 7721 7721 7722
7692 7692 7692 7693 7693 7693 7694 7694 7694 7695 7695 7695 7696 7696 7696 7697 7697 7697 7698 7698 7698 7698 7699 7699 7699 7700 7700 7700 7701 7701 7701 7702 7702 7702 7703 7703 7703 7704 7704 7704 7705 7705 7705 7705 7706 7706 7706 7707 7707 7707 7708 7708 7708 7709 7709 7709 7710 7710 7710 7711 7711 7711 7712 7712 7712 7712 7713 7713 7713 7714 7714 7714 7715 7715 7715 7716 7716 7716 7717 7717 7717 7718 7718 7718 7719 7719 7719 7719 7720 7720 7720 7721 7721 7721 7722
7692 7692 7692 7693 7693 7693 7694 7694 7694 7695 7695 7695 7696 7696 7696 7697 7697 7697 7698 7698 7698 7699 7699 7699 7699 7700 7700 7700 7701 7701 7701 7702 7702 7702 7703 7703 7703 7704 7704 7704 7705 7705 7705 7706 7706 7706 7706 7707 7707 7707 7708 7708 7708 7709 7709 7709 7710 7710 7710 7711 7711 7711 7712 7712 7712 7713 7713 7713 7713 7714 7714 7714 7715 7715 7715 7716 7716 7716 7717 7717 7717 7718 7718 7718 7719 7719 7719 7720 7720 7720 7720 7721 7721 7721 7722
7692 7692 7693 7693 7693 7693 7694 7694 7694 7695 7695 7695 7696 7696 7696 7697 7697 7697 7698 7698 7698 7699 7699 7699 7700 7700 7700 7700 7701 7701 7701 7702 7702 7702 7703 7703 7703 7704 7704 7704 7705 7705 7705 7706 7706 7706 7707 7707 7707 7707 7708 7708 7708 7709 7709 7709 7710 7710 7710 7711 7711 7711 7712 7712 7712 7713 7713 7713 7714 7714 7714 7714 7715 7715 7715 7716 7716 7716 7717 7717 7717 7718 7718 7718 7719 7719 7719 7720 7720 7720 7721 7721 7721 7721 7722
7692 7692 7693 7693 7693 7694 7694 7694 7694 7695 7695 7695 7696 7696 7696 7697 7697 7697 7698 7698 7698 7699 7699 7699 7700 7700 7700 7701 7701 7701 7701 7702 7702 7702 7703 7703 7703 7704 7704 7704 7705 7705 7705 7706 7706 7706 7707 7707 7707 7708 7708 7708 7708 7709 7709 7709 7710 7710 7710 7711 7711 7711 7712 7712 7712 7713 7713 7713 7714 7714 7714 7715 7715 7715 7715 7716 7716 7716 7717 7717 7717 7718 7718 7718 7719 7719 7719 7720 7720 7720 7721 7721 7721 7722 7722
7692 7692 7693 7693 7693 7694 7694 7694 7695 7695 7695 7695 7696 7696 7696 7697 7697 7697 7698 7698 7698 7699 7699 7699 7700 7700 7700 7701 7701 7701 7702 7702 7702 7702 7703 7703 7703 7704 7704 7704 7705 7705 7705 7706 7706 7706 7707 7707 7707 7708 7708 7708 7709 7709 7709 7709 7710 7710 7710 7711 7711 7711 7712 7712 7712 7713 7713 7713 7714 7714 7714 7715 7715 7715 7716 7716 7716 7716 7717 7717 7717 7718 7718 7718 7719 7719 7719 7720 7720 7720 7721 7721 7721 7722 7722
7692 7692 7693 7693 7693 7694 7694 7694 7695 7695 7695 7696 7696 7696 7696 7697 7697 7697 7698 7698 7698 7699 7699 7699 7700 7700 7700 7701 7701 7701 7702 7702 7702 7703 7703 7703 7703 7704 7704 7704 7705 7705 7705 7706 7706 7706 7707 7707 7707 7708 7708 7708 7709 7709 7709 7710 7710 7710 7710 7711 7711 7711 7712 7712 7712 7713 7713 7713 7714 7714 7714 7715 7715 7715 7716 7716 7716 7717 7717 7717 7717 7718 7718 7718 7719 7719 7719 7720 7720 7720 7721 7721 7721 7722 7722
7692 7692 7693 7693 7693 7694 7694 7694 7695 7695 7695 7696 7696 7696 7697 7697 7697 7697 7698 7698 7698 7699 7699 7699 7700 7700 7700 7701 7701 7701 7702 7702 7702 7703 7703 7703 7704 7704 7704 7704 7705 7705 7705 7706 7706 7706 7707 7707 7707 7708 7708 7708 7709 7709 7709 7710 7710 7710 7711 7711 7711 7711 7712 7712 7712 7713 7713 7713 7714 7714 7714 7715 7715 7715 7716 7716 7716 7717 7717 7717 7718 7718 7718 7718 7719 7719 7719 7720 7720 7720 7721 7721 7721 7722 7722
7692 7692 7693 7693 7693 7694 7694 7694 7695 7695 7695 7696 7696 7696 7697 7697 7697 7698 7698 7698 7698 7699 7699 7699 7700 7700 7700 7701 7701 7701 7702 7702 7702 7703 7703 7703 7704 7704 7704 7705 7705 7705 7705 7706 7706 7706 7707 7707 7707 7708 7708 7708 7709 7709 7709 7710 7710 7710 7711 7711 7711 7712 7712 7712 7712 7713 7713 7713 7714 7714 7714 7715 7715 7715 7716 7716 7716 7717 7717 7717 7718 7718 7718 7719 7719 7719 7719 7720 7720 7720 7721 7721 7721 7722 7722
7692 7692 7693 7693 7693 7694 7694 7694 7695 7695 7695 7696 7696 7696 7697 7697 7697 7698 7698 7698 7699 7699 7699 7699 7700 7700 7700 7701 7701 7701 7702 7702 7702 7703 7703 7703 7704 7704 7704 7705 7705 7705 7706 7706 7706 7706 7707 7707 7707 7708 7708 7708 7709 7709 7709 7710 7710 7710 7711 7711 7711 7712 7712 7712 7713 7713 7713 7713 7714 7714 7714 7715 7715 7715 7716 7716 7716 7717 7717 7717 7718 7718 7718 7719 7719 7719 7720 7720 7720 7720 7721 7721 7721 7722 7722
7692 7693 7693 7693 7693 7694 7694 7694 7695 7695 7695 7696 7696 7696 7697 7697 7697 7698 7698 7698 7699 7699 7699 7700 7700 7700 7700 7701 7701 7701 7702 7702 7702 7703 7703 7703 7704 7704 7704 7705 7705 7705 7706 7706 7706 7707 7707 7707 7707 7708 7708 7708 7709 7709 7709 7710 7710 7710 7711 7711 7711 7712 7712 7712 7713 7713 7713 7714 7714 7714 7714 7715 7715 7715 7716 7716 7716 7717 7717 7717 7718 7718 7718 7719 7719 7719 7720 7720 7720 7721 7721 7721 7721 7722 7722
7692 7693 7693 7693 7694 7694 7694 7694 7695 7695 7695 7696 7696 7696 7697 7697 7697 7698 7698 7698 7699 7699 7699 7700 7700 7700 7701 7701 7701 7701 7702 7702 7702 7703 7703 7703 7704 7704 7704 7705 7705 7705 7706 7706 7706 7707 7707 7707 7708 7708 7708 7708 7709 7709 7709 7710 7710 7710 7711 7711 7711 7712 7712 7712 7713 7713 7713 7714 7714 7714 7715 7715 7715 7715 7716 7716 7716 7717 7717 7717 7718 7718 7718 7719 7719 7719 7720 7720 7720 7721 7721 7721 7722 7722 7722
7692 7693 7693 7693 7694 7694 7694 7695 7695 7695 7695 7696 7696 7696 7697 7697 7697 7698 7698 7698 7699 7699 7699 7700 7700 7700 7701 7701 7701 7702 7702 7702 7702 7703 7703 7703 7704 7704 7704 7705 7705 7705 7706 7706 7706 7707 7707 7707 7708 7708 7708 7709 7709 7709 7709 7710 7710 7710 7711 7711 7711 7712 7712 7712 7713 7713 7713 7714 7714 7714 7715 7715 7715 7716 7716 7716 7716 7717 7717 7717 7718 7718 7718 7719 7719 7719 7720 7720 7720 7721 7721 7721 7722 7722 7722
7692 7693 7693 7693 7694 7694 7694 7695 7695 7695 7696 7696 7696 7696 7697 7697 7697 7698 7698 7698 7699 7699 7699 7700 7700 7700 7701 7701 7701 7702 7702 7702 7703 7703 7703 7703 7704 7704 7704 7705 7705 7705 7706 7706 7706 7707 7707 7707 7708 7708 7708 7709 7709 7709 7710 7710 7710 7710 7711 7711 7711 7712 7712 7712 7713 7713 7713 7714 7714 7714 7715 7715 7715 7716 7716 7716 7717 7717 7717 7717 7718 7718 7718 7719 7719 7719 7720 7720 7720 7721 7721 7721 7722 7722 7722
7692 7693 7693 7693 7694 7694 7694 7695 7695 7695 7696 7696 7696 7697 7697 7697 7697 7698 7698 7698 7699 7699 7699 7700 7700 7700 7701 7701 7701 7702 7702 7702 7703 7703 7703 7704 7704 7704 7704 7705 7705 7705 7706 7706 7706 7707 7707 7707 7708 7708 7708 7709 7709 7709 7710 7710 7710 7711 7711 7711 7711 7712 7712 7712 7713 7713 7713 7714 7714 7714 7715 7715 7715 7716 7716 7716 7717 7717 7717 7718 7718 7718 7718 7719 7719 7719 7720 7720 7720 7721 7721 7721 7722 7722 7722
7692 7693 7693 7693 7694 7694 7694 7695 7695 7695 7696 7696 7696 7697 7697 7697 7698 7698 7698 7698 7699 7699 7699 7700 7700 7700 7701 7701 7701 7702 7702 7702 7703 7703 7703 7704 7704 7704 7705 7705 7705 7705 7706 7706 7706 7707 7707 7707 7708 7708 7708 7709 7709 7709 7710 7710 7710 7711 7711 7711 7712 7712 7712 7712 7713 7713 7713 7714 7714 7714 7715 7715 7715 7716 7716 7716 7717 7717 7717 7718 7718 7718 7719 7719 7719 7719 7720 7720 7720 7721 7721 7721 7722 7722 7722
7692 7693 7693 7693 7694 7694 7694 7695 7695 7695 7696 7696 7696 7697 7697 7697 7698 7698 7698 7699 7699 7699 7699 7700 7700 7700 7701 7701 7701 7702 7702 7702 7703 7703 7703 7704 7704 7704 7705 7705 7705 7706 7706 7706 7706 7707 7707 7707 7708 7708 7708 7709 7709 7709 7710 7710 7710 7711 7711 7711 7712 7712 7712 7713 7713 7713 7713 7714 7714 7714 7715 7715 7715 7716 7716 7716 7717 7717 7717 7718 7718 7718 7719 7719 7719 7720 7720 7720 7720 7721 7721 7721 7722 7722 7722
7693 7693 7693 7693 7694 7694 7694 7695 7695 7695 7696 7696 7696 7697 7697 7697 7698 7698 7698 7699 7699 7699 7700 7700 7700 7700 7701 7701 7701 7702 7702 7702 7703 7703 7703 7704 7704 7704 7705 7705 7705 7706 7706 7706 7707 7707 7707 7707 7708 7708 7708 7709 7709 7709 7710 7710 7710 7711 7711 7711 7712 7712 7712 7713 7713 7713 7714 7714 7714 7714 7715 7715 7715 7716 7716 7716 7717 7717 7717 7718 7718 7718 7719 7719 7719 7720 7720 7720 7721 7721 7721 7721 7722 7722 7722
7693 7693 7693 7694 7694 7694 7694 7695 7695 7695 7696 7696 7696 7697 7697 7697 7698 7698 7698 7699 7699 7699 7700 7700 7700 7701 7701 7701 7701 7702 7702 7702 7703 7703 7703 7704 7704 7704 7705 7705 7705 7706 7706 7706 7707 7707 7707 7708 7708 7708 7708 7709 7709 7709 7710 7710 7710 7711 7711 7711 7712 7712 7712 7713 7713 7713 7714 7714 7714 7715 7715 7715 7715 7716 7716 7716 7717 7717 7717 7718 7718 7718 7719 7719 7719 7720 7720 7720 7721 7721 7721 7722 7722 7722 7722
7693 7693 7693 7694 7694 7694 7695 7695 7695 7696 7696 7696 7696 7697 7697 7697 7698 7698 7698 7699 7699 7699 7700 7700 7700 7701 7701 7701 7702 7702 7702 7702 7703 7703 7703 7704 7704 7704 7705 7705 7705 7706 7706 7706 7707 7707 7707 7708 7708 7708 7709 7709 7709 7709 7710 7710 7710 7711 7711 7711 7712 7712 7712 7713 7713 7713 7714 7714 7714 7715 7715 7715 7716 7716 7716 7716 7717 7717 7717 7718 7718 7718 7719 7719 7719 7720 7720 7720 7721 7721 7721 7722 7722 7722 7723
7693 7693 7693 7694 7694 7694 7695 7695 7695 7696 7696 7696 7697 7697 7697 7697 7698 7698 7698 7699 7699 7699 7700 7700 7700 7701 7701 7701 7702 7702 7702 7703 7703 7703 7704 7704 7704 7704 7705 7705 7705 7706 7706 7706 7707 7707 7707 7708 7708 7708 7709 7709 7709 7710 7710 7710 7710 7711 7711 7711 7712 7712 7712 7713 7713 7713 7714 7714 7714 7715 7715 7715 7716 7716 7716 7717 7717 7717 7717 7718 7718 7718 7719 7719 7719 7720 7720 7720 7721 7721 7721 7722 7722 7722 7723
7693 7693 7693 7694 7694 7694 7695 7695 7695 7696 7696 7696 7697 7697 7697 7698 7698 7698 7698 7699 7699 7699 7700 7700 7700 7701 7701 7701 7702 7702 7702 7703 7703 7703 7704 7704 7704 7705 7705 7705 7705 7706 7706 7706 7707 7707 7707 7708 7708 7708 7709 7709 7709 7710 7710 7710 7711 7711 7711 7711 7712 7712 7712 7713 7713 7713 7714 7714 7714 7715 7715 7715 7716 7716 7716 7717 7717 7717 7718 7718 7718 7718 7719 7719 7719 7720 7720 7720 7721 7721 7721 7722 7722 7722 7723
