6.776903397450919897e+01 3.300000420402616763e-01 6.266909182198162261e-10 -9.999999999992537081e-01
6.776903397450919897e+01 3.300000420402616763e-01 6.266909182198162261e-10 -9.999999999992537081e-01
6.776903397450919897e+01 3.300000420402616763e-01 6.266909182198162261e-10 -9.999999999992537081e-01
6.776903397450919897e+01 3.300000420402616763e-01 6.266909182198162261e-10 -9.999999999992537081e-01
6.776903397450919897e+01 3.300000420402616763e-01 6.266909182198162261e-10 -9.999999999992537081e-01
6.776903397450919897e+01 3.300000420402616763e-01 6.266909182198162261e-10 -9.999999999992537081e-01
6.776903397450919897e+01 3.300000420402616763e-01 6.266909182198162261e-10 -9.999999999992537081e-01
6.776903397450919897e+01 3.300000420402616763e-01 6.266909182198162261e-10 -9.999999999992537081e-01
6.776903397450919897e+01 3.300000420402616763e-01 6.266909182198162261e-10 -9.999999999992537081e-01
6.776903397450919897e+01 3.300000420402616763e-01 6.266909182198162261e-10 -9.999999999992537081e-01
6.776903397450919897e+01 3.300000420402616763e-01 6.266909182198162261e-10 -9.999999999992537081e-01
6.776903397450919897e+01 3.300000420402616763e-01 6.266909182198162261e-10 -9.999999999992537081e-01
6.776903397450919897e+01 3.300000420402616763e-01 6.266909182198162261e-10 -9.999999999992537081e-01
6.776903397450919897e+01 3.300000420402616763e-01 6.266909182198162261e-10 -9.999999999992537081e-01
6.776903397450919897e+01 3.300000420402616763e-01 6.266909182198162261e-10 -9.999999999992537081e-01
6.776903397450919897e+01 3.300000420402616763e-01 6.266909182198162261e-10 -9.999999999992537081e-01
6.776903397450919897e+01 3.300000420402616763e-01 6.266909182198162261e-10 -9.999999999992537081e-01
6.776903397450919897e+01 3.300000420402616763e-01 6.266909182198162261e-10 -9.999999999992537081e-01
6.776903397450919897e+01 3.300000420402616763e-01 6.266909182198162261e-10 -9.999999999992537081e-01
2.000124422558874571e+00 1.427173739295611865e+00 6.406849488508717288e-19 -2.721086449721484612e+00
2.923920791638968097e+01 1.396145495916128132e+00 8.618205918330552606e+00 -2.970365625160781953e+00
2.927670473652281302e+01 1.468215161185574047e+00 1.158159740360836487e+01 -2.938210366470268564e+00
2.948089754049300026e+01 1.550673570700547677e+00 1.449074530746920608e+01 -2.931852344171424818e+00
2.969688520467967408e+01 1.612298359714932738e+00 1.725782041387502375e+01 -2.912933898029212099e+00
2.992074561004403677e+01 1.649999999999988365e+00 2.052082099474926125e+01 -2.897065054742424817e+00
3.008764142269861708e+01 1.649999999999999689e+00 2.480085102528975227e+01 -2.832207462307214207e+00
3.039253136248219889e+01 1.649999999999999689e+00 2.823773009193396888e+01 -2.610939840857227967e+00
3.087277779577518189e+01 1.649999999999999689e+00 2.993776152158810433e+01 -2.215990503203391082e+00
3.140501301482771268e+01 1.649999999999999689e+00 3.047548358220738862e+01 -1.853457222242894886e+00
3.206668817562329110e+01 1.649999999999999689e+00 3.011364869001035416e+01 -1.421450387919239056e+00
3.309385953236211009e+01 1.649999999999999689e+00 2.800983245547723399e+01 -8.153805802028649685e-01
3.536868507356761882e+01 1.649999999999999689e+00 2.745992540752266109e+01 -3.933146184374331500e-01
3.777959268577811258e+01 1.649999999999999689e+00 3.199110147310108587e+01 -7.028048786806453951e-02
3.884157181792436120e+01 1.649999999999999689e+00 4.177852291602865620e+01 -3.175651581675711932e-01
3.939986090886318237e+01 1.649999999999999689e+00 5.337876680182037603e+01 -7.152538660519077718e-01
4.000919222083564364e+01 1.649999999999999689e+00 6.266573115157915908e+01 -1.096924041685071627e+00
4.064989679972596548e+01 1.649999999999999689e+00 7.180713304733023961e+01 -1.506966732026804534e+00
4.126080747869038845e+01 1.649999999999999689e+00 7.743096405949957273e+01 -1.951697537929919957e+00
4.177851201027063155e+01 1.649999999999999689e+00 8.051000327148886981e+01 -2.554822022547402316e+00
4.225873258912154284e+01 1.621881474941859969e+00 8.177234670278539852e+01 -2.857314704207617684e+00
4.271717511520370891e+01 1.527902614400616921e+00 8.126611924295441725e+01 -2.974994306979731107e+00
4.309677750866774915e+01 1.449867886813391404e+00 7.726549548903670939e+01 -3.006587118071425646e+00
4.336049266199503194e+01 1.410913870120758196e+00 6.911125899668031991e+01 -3.028161894555203126e+00
4.351591034274760972e+01 1.395188160364978280e+00 5.612589478139012300e+01 -2.885583383230071242e+00
4.363244985446001323e+01 1.369427799803425438e+00 4.507057074581273071e+01 -2.904966821285276612e+00
4.371657686498213735e+01 1.282639929517085609e+00 3.763558452250989461e+01 -3.063304244466563908e+00
4.388233397128809088e+01 1.128789822566391932e+00 2.832894893873891107e+01 -2.998209313957664879e+00
4.400557974310302711e+01 1.011696312835936640e+00 1.766250381992489693e+01 -3.110618283494721137e+00
1.465500889484775371e+01 3.300000002526200515e-01 1.438026783604357526e-04 -2.959663055378733532e+00
6.776903397450919897e+01 3.300000420402616763e-01 6.266909182198162261e-10 -9.999999999992537081e-01
6.776903397450919897e+01 3.300000420402616763e-01 6.266909182198162261e-10 -9.999999999992537081e-01
6.776903397450919897e+01 3.300000420402616763e-01 6.266909182198162261e-10 -9.999999999992537081e-01
6.776903397450919897e+01 3.300000420402616763e-01 6.266909182198162261e-10 -9.999999999992537081e-01
6.776903397450919897e+01 3.300000420402616763e-01 6.266909182198162261e-10 -9.999999999992537081e-01
6.776903397450919897e+01 3.300000420402616763e-01 6.266909182198162261e-10 -9.999999999992537081e-01
6.776903397450919897e+01 3.300000420402616763e-01 6.266909182198162261e-10 -9.999999999992537081e-01
6.776903397450919897e+01 3.300000420402616763e-01 6.266909182198162261e-10 -9.999999999992537081e-01
6.776903397450919897e+01 3.300000420402616763e-01 6.266909182198162261e-10 -9.999999999992537081e-01
6.776903397450919897e+01 3.300000420402616763e-01 6.266909182198162261e-10 -9.999999999992537081e-01
6.776903397450919897e+01 3.300000420402616763e-01 6.266909182198162261e-10 -9.999999999992537081e-01
6.776903397450919897e+01 3.300000420402616763e-01 6.266909182198162261e-10 -9.999999999992537081e-01
6.776903397450919897e+01 3.300000420402616763e-01 6.266909182198162261e-10 -9.999999999992537081e-01
6.776903397450919897e+01 3.300000420402616763e-01 6.266909182198162261e-10 -9.999999999992537081e-01
