2.940584624245400747e+01
2.920905072847023121e+01
2.905177536075903078e+01
2.891063327428406993e+01
2.877942458607463649e+01
2.865078071558690098e+01
2.852967812565470140e+01
2.841501769375714659e+01
2.831500159075707401e+01
2.821950378808692150e+01
2.812928198475784214e+01
2.804525866910248055e+01
2.796549298043314735e+01
2.788865296663738746e+01
2.782159869640965155e+01
2.776754493836103421e+01
2.773506772682572219e+01
2.772156950478308701e+01
2.773469850830428385e+01
2.777426529645640230e+01
2.784500781547860981e+01
2.796952179169140607e+01
2.814916451325255409e+01
2.841425680528596942e+01
2.878222361310823274e+01
2.928306302482597800e+01
2.995290175418269385e+01
3.082445199428488891e+01
3.192987616779482352e+01
3.329545728038502261e+01
3.487670100064816836e+01
3.657220512676613566e+01
3.824312562266937476e+01
3.977036959651215398e+01
4.107326236338746384e+01
4.212371475486105510e+01
4.295037897749608646e+01
4.357549631874282170e+01
4.404915731946179847e+01
4.439907743681462904e+01
4.465293750323593969e+01
4.483237283822951014e+01
4.494779646048292676e+01
4.503026042301566179e+01
4.506469126596258690e+01
4.508291070720252236e+01
4.506589484938707102e+01
4.504258407344683235e+01
4.499174994152589591e+01
4.494071674004946715e+01
4.486694686619762251e+01
4.478441503090662934e+01
4.470677118181949794e+01
4.461054536383715430e+01
4.450893442358279373e+01
4.441497689859879472e+01
4.431700721155124967e+01
4.421554668542020750e+01
4.409874525188830319e+01
4.397926299945925166e+01
4.383283829016594524e+01
4.368431888788315831e+01
4.355851454752061613e+01
