nan
nan
nan
nan
nan
nan
nan
nan
nan
nan
nan
nan
nan
nan
nan
nan
nan
nan
nan
nan
7.698584526081918739e+03
7.698550964968696462e+03
7.698584399382072661e+03
7.698413397445590817e+03
7.698455168092769782e+03
7.698506539787998008e+03
7.698637157938076598e+03
7.698810182592038473e+03
7.699084945171308391e+03
7.699597770520174890e+03
7.701468043041957571e+03
7.702887136488639953e+03
7.704893596295992211e+03
7.706387177644655821e+03
7.707470120997977574e+03
7.707814157307358983e+03
7.707952557155246723e+03
7.708088112388548325e+03
7.708132102988746738e+03
7.708194221799338266e+03
7.708178690339582317e+03
7.708138670940296834e+03
7.708198244790921308e+03
7.708213060923570993e+03
7.708318816493560917e+03
7.708284384935001981e+03
7.708375871911994182e+03
7.708347072813487102e+03
nan
nan
nan
nan
nan
nan
nan
nan
nan
nan
nan
nan
nan
nan
nan
