nan
nan
nan
nan
nan
nan
nan
nan
nan
nan
nan
nan
nan
nan
nan
nan
nan
nan
nan
nan
2.073875824262320755e+00
2.218721273737315425e+00
2.289706559212136394e+00
2.428632222369597748e+00
2.468721782137786036e+00
2.460192698493350427e+00
2.562250860529506902e+00
2.828564684591978740e+00
3.000000000000000000e+00
3.000000000000000000e+00
3.000000000000000000e+00
3.000000000000000000e+00
3.000000000000000000e+00
2.150778773116202025e+00
1.368762002539208655e+00
1.144810340492266487e+00
1.082246904640226992e+00
1.035747636452813536e+00
1.004983439620984687e+00
9.961422311592832424e-01
9.961708473465455960e-01
1.041120268518923142e+00
1.036542971985136230e+00
1.126539222832757980e+00
1.122714313466449454e+00
1.057557099304137216e+00
8.992744652720630061e-01
7.910045573648777362e-01
nan
nan
nan
nan
nan
nan
nan
nan
nan
nan
nan
nan
nan
nan
nan
