nan
nan
nan
nan
nan
nan
nan
nan
nan
nan
nan
nan
nan
nan
nan
nan
nan
nan
nan
nan
5.291860472682660133e-01
5.362705090495153426e-01
6.351510431239434373e-01
6.027020923216778181e-01
6.563657078448308368e-01
7.160176170084481262e-01
8.942078715199172079e-01
1.051617591757896042e+00
1.234845122708258414e+00
1.552432261874125974e+00
3.000000000000000000e+00
3.000000000000000000e+00
3.000000000000000000e+00
3.000000000000000000e+00
3.000000000000000000e+00
3.000000000000000000e+00
2.665145875734621139e+00
2.481736921885777658e+00
2.241287710803110844e+00
2.099341494669822783e+00
1.860413003381616415e+00
1.677818210702352708e+00
1.591107118063468828e+00
1.610810130079036506e+00
1.622185794735134357e+00
1.332026744780829164e+00
1.198683090469241153e+00
7.327501924459134397e-01
nan
nan
nan
nan
nan
nan
nan
nan
nan
nan
nan
nan
nan
nan
nan
