slit median std err_lo mean err_hi
   3  9.672  0.098  0.103  9.672  0.101
   4  9.569  0.080  0.099  9.569  0.070
   5  9.951  0.052  0.045  9.951  0.059
   7 10.212  0.028  0.032 10.212  0.024
   8  9.986  0.042  0.035  9.986  0.045
  10  9.515  0.066  0.082  9.515  0.061
  12  9.305  0.062  0.080  9.305  0.049
  13  9.521  0.073  0.058  9.521  0.075
  14  9.323  0.091  0.094  9.323  0.082
  15  9.578  0.120  0.146  9.578  0.120
  16  9.586  0.046  0.053  9.586  0.032
  17  9.566  0.090  0.095  9.566  0.091
  18 10.016  0.051  0.057 10.016  0.038
  19  9.306  0.063  0.069  9.306  0.054
  20  8.656  0.056  0.047  8.656  0.059
  21  9.383  0.055  0.059  9.383  0.050
  23  9.591  0.083  0.106  9.591  0.068
  24  9.696  0.082  0.086  9.696  0.079
  25  9.390  0.062  0.065  9.390  0.064
  26  9.970  0.050  0.058  9.970  0.043
  27  9.924  0.022  0.022  9.924  0.017
  28  9.049  0.117  0.131  9.049  0.111
  29  9.977  0.014  0.017  9.977  0.010
  30  9.576  0.111  0.127  9.576  0.103
  32  9.628  0.167  0.162  9.628  0.212
  33  9.888  0.061  0.068  9.888  0.045
  35  9.936  0.005  0.006  9.936  0.004
  36  9.564  0.057  0.061  9.564  0.040
  39  9.307  0.099  0.098  9.307  0.102
  40  9.526  0.129  0.138  9.526  0.146
  42  9.052  0.098  0.120  9.052  0.091
  43  9.112  0.090  0.084  9.112  0.106
  45  9.681  0.074  0.087  9.681  0.069
  47  9.951  0.059  0.074  9.951  0.043
  48  9.575  0.101  0.090  9.575  0.108
  49  9.490  0.048  0.046  9.490  0.040
  50 10.304  0.062  0.071 10.304  0.044
  52  9.439  0.061  0.076  9.439  0.044
  54  9.315  0.085  0.089  9.315  0.087
  55  9.495  0.088  0.090  9.495  0.089
  56 10.130  0.057  0.063 10.130  0.056
  57  9.981  0.069  0.078  9.981  0.064
  58  9.445  0.031  0.036  9.445  0.021
  59  9.492  0.026  0.018  9.492  0.027
  60  9.626  0.060  0.066  9.626  0.049
  61  8.970  0.109  0.110  8.970  0.117
  63  9.187  0.076  0.075  9.187  0.074
  64  8.916  0.129  0.135  8.916  0.142
  65  9.568  0.131  0.111  9.568  0.148
  67  9.037  0.100  0.124  9.037  0.091
  69  9.883  0.082  0.079  9.883  0.054
  70  9.769  0.065  0.075  9.769  0.060
  71 10.066  0.032  0.035 10.066  0.025
  72 10.223  0.042  0.043 10.223  0.031
  75 10.114  0.074  0.093 10.114  0.055
  77  9.596  0.089  0.089  9.596  0.083
  78  9.371  0.067  0.068  9.371  0.063
  79  9.371  0.023  0.022  9.371  0.023
  80 10.055  0.101  0.109 10.055  0.103
  82  9.582  0.076  0.081  9.582  0.060
  84  9.752  0.008  0.006  9.752  0.008
  87  9.238  0.028  0.028  9.238  0.028
  88  9.381  0.081  0.101  9.381  0.057
  89  8.781  0.106  0.119  8.781  0.101
  90  9.977  0.003  0.002  9.977  0.003
  91  9.483  0.072  0.074  9.483  0.082
  92 10.088  0.018  0.022 10.088  0.014
  93  9.228  0.106  0.117  9.228  0.104
  95  9.257  0.054  0.057  9.257  0.047
  96  9.443  0.064  0.067  9.443  0.064
  97  9.612  0.046  0.041  9.612  0.047
  98  9.889  0.056  0.055  9.889  0.045
  99  9.652  0.045  0.046  9.652  0.032
 100  9.983  0.071  0.075  9.983  0.071
 101  9.640  0.089  0.096  9.640  0.083
 102  8.522  0.038  0.039  8.522  0.039
 105  9.198  0.119  0.131  9.198  0.120
 107 10.029  0.061  0.074 10.029  0.053
 108  9.304  0.098  0.105  9.304  0.091
 109  9.925  0.053  0.075  9.925  0.039
 110  9.563  0.116  0.119  9.563  0.130
 111 10.345  0.108  0.119 10.345  0.105
 112  9.937  0.041  0.049  9.937  0.033
 113  9.905  0.110  0.127  9.905  0.111
 114  9.983  0.142  0.155  9.983  0.151
 115 10.097  0.014  0.014 10.097  0.010
 116  9.817  0.062  0.061  9.817  0.055
 117  9.341  0.075  0.080  9.341  0.068
 118  9.905  0.025  0.032  9.905  0.022
 119  9.922  0.099  0.101  9.922  0.104
 120 10.371  0.042  0.050 10.371  0.042
 122 10.201  0.004  0.004 10.201  0.004
 127  9.697  0.063  0.084  9.697  0.050
 128  9.643  0.070  0.072  9.643  0.066
 129  9.445  0.043  0.048  9.445  0.032
 130  9.399  0.123  0.133  9.399  0.121
 131  9.647  0.044  0.046  9.647  0.033
 132  9.758  0.053  0.059  9.758  0.041
 133  9.961  0.076  0.081  9.961  0.079
 135  9.733  0.063  0.071  9.733  0.067
 136  9.342  0.087  0.098  9.342  0.088
 138  9.258  0.119  0.137  9.258  0.130
 139 10.010  0.074  0.074 10.010  0.059
 141  9.915  0.026  0.024  9.915  0.021
