nan nan 7.339469790458679199e-01 7.339469790458679199e-01 1.600950121879577637e+00 8.287851214408874512e-01 8.287851214408874512e-01 -1.671826934814453125e+01 -1.671826934814453125e+01 -8.248090744018554688e+00 -4.954726696014404297e+00 -4.848627567291259766e+00 -4.848627567291259766e+00 -1.093469524383544922e+01 -1.126784133911132812e+01 -7.111063480377197266e+00 -5.433681488037109375e+00 0.000000000000000000e+00 1.441105127334594727e+00 0.000000000000000000e+00 -6.298815011978149414e-01 -4.210035800933837891e+00 -6.790208816528320312e+00 -1.343235301971435547e+01 nan nan nan nan nan nan nan nan 1.060034179687500000e+01 -4.300907135009765625e+00 -2.663055658340454102e+00 -2.898834466934204102e+00 -1.483066320419311523e+00 -2.621450126171112061e-01 -5.078199863433837891e+00 -5.078199863433837891e+00
nan nan 3.225477695465087891e+00 3.225477695465087891e+00 1.600950121879577637e+00 -1.294468522071838379e+00 -5.039789676666259766e+00 -9.978733062744140625e+00 -1.145373153686523438e+01 -4.954726696014404297e+00 -4.848627567291259766e+00 -2.252231359481811523e+00 -5.850337147712707520e-01 -5.850337147712707520e-01 -3.623110771179199219e+00 -3.623110771179199219e+00 -3.948543310165405273e+00 -3.179468631744384766e+00 0.000000000000000000e+00 0.000000000000000000e+00 -1.660466492176055908e-01 -4.210035800933837891e+00 -6.514277935028076172e+00 nan nan nan nan nan nan nan nan nan 1.075265288352966309e+00 -4.300907135009765625e+00 -4.300907135009765625e+00 -4.300907135009765625e+00 -2.898834466934204102e+00 -4.539294719696044922e+00 -5.078199863433837891e+00 -5.078199863433837891e+00
nan nan nan 7.339469790458679199e-01 -1.294468522071838379e+00 -2.470799446105957031e+00 -4.014926910400390625e+00 -5.039789676666259766e+00 7.570692896842956543e-01 7.570692896842956543e-01 3.928580284118652344e-01 1.933978557586669922e+00 7.064741134643554688e+00 6.546762943267822266e+00 -2.207722961902618408e-01 -3.179468631744384766e+00 -3.948543310165405273e+00 -3.614346027374267578e+00 -1.660466492176055908e-01 -1.660466492176055908e-01 -6.298815011978149414e-01 -1.255778670310974121e+00 -1.255778670310974121e+00 -6.790208816528320312e+00 nan nan nan nan nan nan nan nan 6.166090011596679688e+00 -4.425083160400390625e+00 -4.425083160400390625e+00 -1.375314831733703613e+00 -1.722548246383666992e+00 -4.539294719696044922e+00 -4.539294719696044922e+00 -1.847307205200195312e+00
nan nan nan 6.658296585083007812e+00 2.288331747055053711e+00 -9.548975825309753418e-01 -2.470799446105957031e+00 6.233963489532470703e+00 6.531454563140869141e+00 1.523535370826721191e+00 -2.252231359481811523e+00 -2.252231359481811523e+00 5.845919132232666016e+00 6.546762943267822266e+00 -2.207722961902618408e-01 -3.614346027374267578e+00 -5.555696487426757812e+00 -6.326078891754150391e+00 -5.234898090362548828e+00 -5.234898090362548828e+00 -5.234898090362548828e+00 -4.374146938323974609e+00 -3.662275791168212891e+00 nan nan nan nan nan nan nan nan nan 6.166090011596679688e+00 -2.655394077301025391e+00 -2.655394077301025391e+00 -1.169253706932067871e+00 -4.539294719696044922e+00 -4.539294719696044922e+00 -1.722548246383666992e+00 3.764558076858520508e+00
nan nan 2.119131088256835938e+01 6.658296585083007812e+00 3.673017263412475586e+00 3.673017263412475586e+00 5.129417896270751953e+00 6.233963489532470703e+00 9.049820899963378906e+00 9.049820899963378906e+00 3.928580284118652344e-01 3.928580284118652344e-01 3.740928888320922852e+00 5.845919132232666016e+00 5.001067519187927246e-01 -3.999406993389129639e-01 -5.555696487426757812e+00 -6.326078891754150391e+00 -5.234898090362548828e+00 -4.374146938323974609e+00 -5.234898090362548828e+00 -3.662275791168212891e+00 -3.662275791168212891e+00 nan nan nan nan nan nan nan nan nan nan -9.124096870422363281e+00 -5.061420917510986328e+00 -1.169253706932067871e+00 -6.350662231445312500e+00 -1.847307205200195312e+00 -6.131932735443115234e-01 2.909712791442871094e+00
nan nan nan 7.023075222969055176e-02 3.673017263412475586e+00 8.172393798828125000e+00 6.233963489532470703e+00 5.129417896270751953e+00 0.000000000000000000e+00 8.775542259216308594e+00 6.646077156066894531e+00 3.740928888320922852e+00 2.995508909225463867e+00 2.995508909225463867e+00 1.107600450515747070e+00 5.001067519187927246e-01 1.263345837593078613e+00 2.796364068984985352e+00 1.832779526710510254e+00 -2.430597305297851562e+00 -2.430597305297851562e+00 -2.059193134307861328e+00 -2.059193134307861328e+00 nan nan nan nan nan nan nan nan nan nan -6.709763050079345703e+00 -1.169253706932067871e+00 -1.169253706932067871e+00 -6.350662231445312500e+00 -6.131932735443115234e-01 7.044924736022949219e+00 7.044924736022949219e+00
nan nan nan -3.504457175731658936e-01 2.135623931884765625e+00 6.128376007080078125e+00 6.128376007080078125e+00 5.129417896270751953e+00 0.000000000000000000e+00 7.616356372833251953e+00 6.714893817901611328e+00 6.714893817901611328e+00 3.740928888320922852e+00 3.740928888320922852e+00 1.989220499992370605e+00 3.947675704956054688e+00 2.965755939483642578e+00 8.607742309570312500e+00 8.607742309570312500e+00 1.832783699035644531e+01 1.832783699035644531e+01 1.724023246765136719e+01 5.743048667907714844e+00 -1.789227604866027832e+00 nan nan nan nan nan nan nan nan 7.056583881378173828e+00 -6.709763050079345703e+00 -7.261251807212829590e-01 9.105700850486755371e-01 9.105700850486755371e-01 6.902802944183349609e+00 1.146574401855468750e+01 8.122703552246093750e+00
nan nan nan 1.901863574981689453e+00 6.128376007080078125e+00 8.275535583496093750e+00 8.275535583496093750e+00 7.616356372833251953e+00 5.537356376647949219e+00 6.385485172271728516e+00 6.646077156066894531e+00 6.646077156066894531e+00 5.336205959320068359e+00 5.336205959320068359e+00 3.947675704956054688e+00 9.114398002624511719e+00 1.074658584594726562e+01 2.332207870483398438e+01 3.285200881958007812e+01 3.422241973876953125e+01 3.594466400146484375e+01 4.165687561035156250e+01 4.099088287353515625e+01 9.648744583129882812e+00 nan nan nan nan nan nan nan nan nan 5.534064292907714844e+00 7.056583881378173828e+00 1.246521282196044922e+01 1.146574401855468750e+01 1.146574401855468750e+01 1.349268341064453125e+01 1.384434890747070312e+01
nan nan nan 6.072462558746337891e+00 6.128376007080078125e+00 7.208558082580566406e+00 6.128376007080078125e+00 7.616356372833251953e+00 6.944819450378417969e+00 6.944819450378417969e+00 6.714893817901611328e+00 4.960464000701904297e+00 5.336205959320068359e+00 8.608830451965332031e+00 8.608830451965332031e+00 1.214779090881347656e+01 2.419680023193359375e+01 3.296250915527343750e+01 5.186864089965820312e+01 5.926798248291015625e+01 5.952205657958984375e+01 5.952205657958984375e+01 5.266466903686523438e+01 4.389541625976562500e+01 nan nan nan nan nan nan nan nan nan 7.455274105072021484e+00 1.477019691467285156e+01 1.342008304595947266e+01 6.902802944183349609e+00 5.656779766082763672e+00 5.656779766082763672e+00 1.349268341064453125e+01
nan nan 1.198766708374023438e+01 6.072462558746337891e+00 4.062694549560546875e+00 6.072462558746337891e+00 5.537356376647949219e+00 6.385485172271728516e+00 6.385485172271728516e+00 4.960464000701904297e+00 4.960464000701904297e+00 3.411770820617675781e+00 5.336205959320068359e+00 6.226404190063476562e+00 9.114398002624511719e+00 1.961639976501464844e+01 3.296250915527343750e+01 5.186864089965820312e+01 6.568588256835937500e+01 8.020842742919921875e+01 1.048261489868164062e+02 9.498550415039062500e+01 8.494728088378906250e+01 6.984064483642578125e+01 nan nan nan nan nan nan nan nan 3.712782669067382812e+01 7.455274105072021484e+00 1.246521282196044922e+01 7.168648719787597656e+00 1.168578267097473145e+00 3.060510635375976562e+00 3.060510635375976562e+00 3.934792280197143555e+00
nan nan 1.198766708374023438e+01 3.432966232299804688e+00 2.425052881240844727e+00 2.425052881240844727e+00 1.812271356582641602e+00 6.374086380004882812e+00 6.944819450378417969e+00 6.944819450378417969e+00 9.512234687805175781e+00 9.771944999694824219e+00 9.771944999694824219e+00 9.771944999694824219e+00 1.464249706268310547e+01 2.603075218200683594e+01 3.465537261962890625e+01 5.673554611206054688e+01 7.624939727783203125e+01 1.021194839477539062e+02 1.048261489868164062e+02 1.021194839477539062e+02 nan nan nan nan nan nan nan nan nan nan 2.248357200622558594e+01 1.925760650634765625e+01 1.968107986450195312e+01 7.168648719787597656e+00 3.060510635375976562e+00 3.060510635375976562e+00 3.060510635375976562e+00 0.000000000000000000e+00
nan nan 3.432966232299804688e+00 3.010772943496704102e+00 -9.888127446174621582e-01 2.425052881240844727e+00 4.062694549560546875e+00 6.374086380004882812e+00 9.957344055175781250e+00 4.684187889099121094e+00 6.232311248779296875e+00 1.088035202026367188e+01 1.088035202026367188e+01 1.125779819488525391e+01 1.464249706268310547e+01 1.882964515686035156e+01 2.609771919250488281e+01 3.678147888183593750e+01 5.828179168701171875e+01 8.020842742919921875e+01 9.038776397705078125e+01 8.907012176513671875e+01 nan nan nan nan nan nan nan nan nan nan nan 1.545694541931152344e+01 1.738501358032226562e+01 7.527970314025878906e+00 1.168578267097473145e+00 0.000000000000000000e+00 0.000000000000000000e+00 -4.327417016029357910e-01
nan nan nan 3.128323078155517578e+00 -9.888127446174621582e-01 -6.973941326141357422e-01 -5.271946191787719727e-01 5.200273036956787109e+00 7.395221710205078125e+00 7.395221710205078125e+00 6.232311248779296875e+00 1.381861972808837891e+01 1.381861972808837891e+01 1.125779819488525391e+01 1.125779819488525391e+01 1.589437484741210938e+01 2.340488243103027344e+01 2.603075218200683594e+01 3.247996520996093750e+01 5.250191497802734375e+01 5.298020935058593750e+01 5.250191497802734375e+01 1.498588085174560547e+01 nan nan nan nan nan nan nan nan nan 1.545694541931152344e+01 8.981241226196289062e+00 1.545694541931152344e+01 8.981241226196289062e+00 -3.796841144561767578e+00 -5.639053344726562500e+00 -4.327417016029357910e-01 0.000000000000000000e+00
nan nan nan 9.634588241577148438e+00 1.694593071937561035e+00 3.393562316894531250e+00 2.846059560775756836e+00 5.200273036956787109e+00 -5.271946191787719727e-01 -8.602327346801757812e+00 -4.275156974792480469e+00 7.851426124572753906e+00 7.851426124572753906e+00 6.580902576446533203e+00 5.225092411041259766e+00 1.125779819488525391e+01 1.589437484741210938e+01 1.633005714416503906e+01 2.333779335021972656e+01 3.077594757080078125e+01 3.247996520996093750e+01 2.320799827575683594e+01 1.459670639038085938e+01 nan nan nan nan nan nan nan nan nan nan 8.981241226196289062e+00 7.527970314025878906e+00 -7.304476499557495117e-01 -5.639053344726562500e+00 -6.210328578948974609e+00 -1.680799603462219238e+00 -4.327417016029357910e-01
nan nan 9.588538169860839844e+00 9.588538169860839844e+00 5.432301759719848633e-01 1.694593071937561035e+00 1.694593071937561035e+00 2.846059560775756836e+00 -8.141965270042419434e-01 -8.767242431640625000e+00 -8.767242431640625000e+00 -4.275156974792480469e+00 9.569028019905090332e-01 -1.816561520099639893e-01 -1.816561520099639893e-01 5.276906490325927734e+00 7.210231304168701172e+00 9.282346725463867188e+00 1.409395408630371094e+01 1.681021690368652344e+01 2.320799827575683594e+01 1.464867305755615234e+01 1.459670639038085938e+01 9.944156646728515625e+00 nan nan nan nan nan nan nan nan 1.791259956359863281e+01 -7.304476499557495117e-01 7.105460166931152344e-01 6.535388827323913574e-01 -3.796841144561767578e+00 -3.796841144561767578e+00 -1.680799603462219238e+00 2.708362102508544922e+00
nan nan 1.491846275329589844e+01 1.491846275329589844e+01 -5.826767444610595703e+00 -4.955825328826904297e+00 1.156323790550231934e+00 1.156323790550231934e+00 1.156323790550231934e+00 -4.275156974792480469e+00 -4.275156974792480469e+00 -4.275156974792480469e+00 -8.177786827087402344e+00 -8.177786827087402344e+00 -3.490465402603149414e+00 2.618472814559936523e+00 5.276906490325927734e+00 5.276906490325927734e+00 7.210231304168701172e+00 1.305831718444824219e+01 1.242490673065185547e+01 5.762926578521728516e+00 9.944156646728515625e+00 -1.066205787658691406e+01 nan nan nan nan nan nan nan nan nan 2.761804819107055664e+00 2.761804819107055664e+00 6.535388827323913574e-01 -2.631225109100341797e+00 -1.680799603462219238e+00 7.878134250640869141e-01 7.878134250640869141e-01
nan nan 1.491846275329589844e+01 -5.826767444610595703e+00 -1.153252983093261719e+01 -9.931335449218750000e+00 -4.955825328826904297e+00 -3.635092020034790039e+00 2.178959608078002930e+00 6.970568180084228516e+00 6.970568180084228516e+00 4.080125331878662109e+00 -8.177786827087402344e+00 -9.996452331542968750e+00 -1.087505626678466797e+01 -1.832370638847351074e+00 2.882338762283325195e+00 2.882338762283325195e+00 7.210231304168701172e+00 5.762926578521728516e+00 2.480783700942993164e+00 2.480783700942993164e+00 3.101521015167236328e+00 6.376914978027343750e+00 nan nan nan nan nan nan nan nan 1.794900131225585938e+01 1.249128532409667969e+01 7.221679210662841797e+00 6.535388827323913574e-01 -4.489766597747802734e+00 -3.742014408111572266e+00 -2.631225109100341797e+00 7.878134250640869141e-01
nan nan 1.163468551635742188e+01 -1.033034610748291016e+01 -1.198553562164306641e+01 -1.033034610748291016e+01 -5.264572143554687500e+00 -3.635092020034790039e+00 1.156323790550231934e+00 6.970568180084228516e+00 6.970568180084228516e+00 4.726162433624267578e+00 2.869456768035888672e+00 -6.192143917083740234e+00 -6.192143917083740234e+00 -1.832370638847351074e+00 -1.012154579162597656e+00 2.879011929035186768e-01 2.644274234771728516e+00 2.879011929035186768e-01 -3.495225906372070312e+00 -3.758923292160034180e+00 -1.624531269073486328e+00 -2.984428882598876953e+00 nan nan nan nan nan nan nan nan 1.349752902984619141e+01 1.249128532409667969e+01 2.761804819107055664e+00 -7.685632228851318359e+00 -7.685632228851318359e+00 -4.340946674346923828e+00 7.878134250640869141e-01 4.798861503601074219e+00
nan nan 3.673471689224243164e+00 -9.922614097595214844e+00 -1.033034610748291016e+01 -9.565619468688964844e+00 -5.325292587280273438e+00 -5.325292587280273438e+00 -2.748941659927368164e+00 1.038828372955322266e+00 4.080125331878662109e+00 4.726162433624267578e+00 4.080125331878662109e+00 2.869456768035888672e+00 -6.192143917083740234e+00 -6.192143917083740234e+00 -5.352468013763427734e+00 -1.832370638847351074e+00 2.644274234771728516e+00 1.543411463499069214e-01 -4.051432609558105469e+00 -4.051432609558105469e+00 -4.051432609558105469e+00 nan nan nan nan nan nan nan nan nan 1.699370002746582031e+01 1.249128532409667969e+01 -5.424748420715332031e+00 -4.476726531982421875e+00 -4.476726531982421875e+00 -4.340946674346923828e+00 4.798861503601074219e+00 4.798861503601074219e+00
nan nan 3.673471689224243164e+00 -3.031243801116943359e+00 -5.264572143554687500e+00 -5.264572143554687500e+00 -5.325292587280273438e+00 -7.341904163360595703e+00 -2.748941659927368164e+00 -7.567812800407409668e-01 -7.567812800407409668e-01 4.726162433624267578e+00 4.726162433624267578e+00 3.590389966964721680e+00 1.135069251060485840e+00 -6.192143917083740234e+00 -6.464357376098632812e+00 -5.352468013763427734e+00 1.396659374237060547e+00 1.543411463499069214e-01 -4.706246852874755859e+00 -5.441360473632812500e+00 -1.178265094757080078e+01 nan nan nan nan nan nan nan nan nan 1.699370002746582031e+01 1.445060253143310547e+01 -6.103780269622802734e+00 3.080737829208374023e+00 3.080737829208374023e+00 3.080737829208374023e+00 5.938180923461914062e+00 4.798861503601074219e+00
